0	1	0
1	0	1
2	0	1
3	1	0
4	1	0
5	0	1
6	1	0
7	0	1
8	1	0
9	1	0
10	1	0
11	1	0
12	0	1
13	1	0
14	1	0
15	1	0
16	1	0
17	1	0
18	1	0
19	1	0
20	0	1
21	0	1
22	0	1
23	1	0
24	1	0
25	1	0
26	1	0
27	1	0
28	1	0
29	0	1
30	0	1
31	1	0
32	1	0
33	1	0
34	0	1
35	0	1
36	1	0
37	1	0
38	0	1
39	1	0
40	0	1
41	1	0
42	1	0
43	0	1
44	1	0
45	0	1
46	1	0
47	1	0
48	1	0
49	1	0
50	1	0
51	0	1
52	1	0
53	1	0
54	1	0
55	1	0
56	0	1
57	1	0
58	1	0
59	1	0
60	0	1
61	1	0
62	1	0
63	1	0
64	1	0
65	1	0
66	1	0
67	0	1
68	0	1
69	0	1
70	1	0
71	0	1
72	0	1
73	1	0
74	0	1
75	1	0
76	1	0
77	1	0
78	0	1
79	0	1
80	1	0
81	0	1
82	1	0
83	1	0
84	1	0
85	1	0
86	0	1
87	1	0
88	1	0
89	1	0
90	1	0
91	0	1
92	1	0
93	0	1
94	1	0
95	0	1
96	1	0
97	1	0
98	0	1
99	1	0
100	1	0
101	1	0
102	1	0
103	0	1
104	1	0
105	0	1
106	1	0
107	0	1
108	0	1
109	1	0
110	0	1
111	1	0
112	1	0
113	1	0
114	1	0
115	1	0
116	1	0
117	1	0
118	0	1
119	0	1
120	1	0
121	0	1
122	1	0
123	1	0
124	1	0
125	1	0
126	1	0
127	1	0
128	0	1
129	1	0
130	1	0
131	1	0
132	1	0
133	0	1
134	0	1
135	0	1
136	1	0
137	0	1
138	1	0
139	1	0
140	0	1
141	1	0
142	1	0
143	1	0
144	1	0
145	1	0
146	1	0
147	0	1
148	1	0
149	1	0
150	1	0
151	1	0
152	1	0
153	1	0
154	1	0
155	0	1
156	0	1
157	1	0
158	0	1
159	1	0
160	1	0
161	1	0
162	1	0
163	1	0
164	0	1
165	1	0
166	0	1
167	1	0
168	0	1
169	1	0
170	0	1
171	0	1
172	1	0
173	1	0
174	1	0
175	0	1
176	0	1
177	0	1
178	1	0
179	1	0
180	0	1
181	0	1
182	0	1
183	1	0
184	1	0
185	0	1
186	1	0
187	0	1
188	1	0
189	1	0
190	0	1
191	0	1
192	0	1
193	1	0
194	1	0
195	0	1
196	1	0
197	1	0
198	0	1
199	0	1
200	1	0
201	1	0
202	0	1
203	1	0
204	1	0
205	1	0
206	1	0
207	0	1
208	1	0
209	0	1
210	1	0
211	1	0
212	1	0
213	1	0
214	0	1
215	0	1
216	1	0
217	1	0
218	1	0
219	0	1
220	1	0
221	1	0
222	1	0
223	1	0
224	0	1
225	1	0
226	0	1
227	0	1
228	0	1
229	1	0
230	1	0
231	0	1
232	0	1
233	1	0
234	1	0
235	1	0
236	0	1
237	1	0
238	0	1
239	1	0
240	1	0
241	1	0
242	1	0
243	1	0
244	1	0
245	1	0
246	1	0
247	1	0
248	1	0
249	1	0
250	1	0
251	1	0
252	1	0
253	1	0
254	0	1
255	1	0
256	1	0
257	1	0
258	0	1
259	1	0
260	1	0
261	0	1
262	0	1
263	1	0
264	1	0
265	1	0
266	1	0
267	0	1
268	1	0
269	0	1
270	0	1
271	0	1
272	0	1
273	1	0
274	1	0
275	1	0
276	0	1
277	1	0
278	0	1
279	1	0
280	0	1
281	0	1
282	1	0
283	0	1
284	1	0
285	1	0
286	0	1
287	1	0
288	1	0
289	0	1
290	1	0
291	1	0
292	0	1
293	1	0
294	1	0
295	1	0
296	0	1
297	1	0
298	1	0
299	0	1
300	0	1
301	0	1
302	1	0
303	1	0
304	1	0
305	1	0
306	0	1
307	1	0
308	1	0
309	1	0
310	0	1
311	1	0
312	0	1
313	1	0
314	1	0
315	0	1
316	1	0
317	0	1
318	1	0
319	1	0
320	1	0
321	0	1
322	1	0
323	1	0
324	1	0
325	1	0
326	1	0
327	0	1
328	1	0
329	1	0
330	1	0
331	1	0
332	1	0
333	1	0
334	0	1
335	1	0
336	1	0
337	1	0
338	0	1
339	1	0
340	0	1
341	1	0
342	1	0
343	0	1
344	1	0
345	1	0
346	0	1
347	1	0
348	1	0
349	1	0
350	1	0
351	1	0
352	0	1
353	1	0
354	0	1
355	0	1
356	1	0
357	1	0
358	1	0
359	1	0
360	0	1
361	0	1
362	1	0
363	1	0
364	1	0
365	1	0
366	0	1
367	1	0
368	0	1
369	1	0
370	0	1
371	0	1
372	0	1
373	1	0
374	0	1
375	1	0
376	1	0
377	1	0
378	1	0
379	1	0
380	0	1
381	1	0
382	1	0
383	1	0
384	1	0
385	1	0
386	1	0
387	1	0
388	1	0
389	0	1
390	1	0
391	0	1
392	1	0
393	1	0
394	1	0
395	1	0
396	1	0
397	1	0
398	1	0
399	1	0
400	1	0
401	0	1
402	0	1
403	0	1
404	0	1
405	1	0
406	1	0
407	0	1
408	1	0
409	1	0
410	1	0
411	0	1
412	1	0
413	1	0
414	1	0
415	0	1
416	0	1
417	1	0
418	1	0
419	1	0
420	0	1
421	1	0
422	0	1
423	1	0
424	0	1
425	1	0
426	1	0
427	1	0
428	0	1
429	0	1
430	0	1
431	1	0
432	0	1
433	1	0
434	1	0
435	1	0
436	1	0
437	1	0
438	1	0
439	1	0
440	0	1
441	1	0
442	0	1
443	1	0
444	1	0
445	1	0
446	0	1
447	1	0
448	1	0
449	1	0
450	0	1
451	1	0
452	0	1
453	1	0
454	1	0
455	1	0
456	1	0
457	0	1
458	1	0
459	0	1
460	0	1
461	1	0
462	0	1
463	1	0
464	1	0
465	1	0
466	1	0
467	0	1
468	1	0
469	1	0
470	0	1
471	0	1
472	0	1
473	1	0
474	1	0
475	1	0
476	1	0
477	0	1
478	1	0
479	1	0
480	1	0
481	1	0
482	1	0
483	1	0
484	0	1
485	1	0
486	1	0
487	0	1
488	1	0
489	1	0
490	1	0
491	1	0
492	1	0
493	1	0
494	1	0
495	1	0
496	1	0
497	1	0
498	1	0
499	0	1
500	0	1
501	0	1
502	1	0
503	1	0
504	1	0
505	1	0
506	0	1
507	1	0
508	1	0
509	0	1
510	0	1
511	1	0
512	1	0
513	1	0
514	0	1
515	1	0
516	1	0
517	1	0
518	1	0
519	0	1
520	1	0
521	1	0
522	1	0
523	0	1
524	1	0
525	1	0
526	0	1
527	0	1
528	0	1
529	0	1
530	1	0
531	1	0
532	0	1
533	1	0
534	0	1
535	1	0
536	1	0
537	0	1
538	1	0
539	1	0
540	1	0
541	1	0
542	0	1
543	0	1
544	1	0
545	1	0
546	0	1
547	0	1
548	1	0
549	0	1
550	0	1
551	1	0
552	0	1
553	1	0
554	0	1
555	1	0
556	1	0
557	0	1
558	1	0
559	1	0
560	0	1
561	0	1
562	1	0
563	1	0
564	1	0
565	0	1
566	0	1
567	0	1
568	1	0
569	1	0
570	1	0
571	0	1
572	1	0
573	1	0
574	1	0
575	1	0
576	1	0
577	1	0
578	1	0
579	1	0
580	0	1
581	1	0
582	1	0
583	1	0
584	0	1
585	1	0
586	1	0
587	1	0
588	0	1
589	0	1
590	0	1
591	1	0
592	0	1
593	0	1
594	1	0
595	0	1
596	1	0
597	1	0
598	1	0
599	0	1
600	0	1
601	1	0
602	0	1
603	1	0
604	1	0
605	1	0
606	0	1
607	1	0
608	0	1
609	0	1
610	0	1
611	1	0
612	0	1
613	1	0
614	0	1
615	1	0
616	0	1
617	0	1
618	1	0
619	0	1
620	1	0
621	1	0
622	1	0
623	0	1
624	1	0
625	1	0
626	1	0
627	1	0
628	0	1
629	1	0
630	1	0
631	0	1
632	1	0
633	1	0
634	1	0
635	1	0
636	0	1
637	0	1
638	0	1
639	1	0
640	1	0
641	1	0
642	1	0
643	1	0
644	1	0
645	1	0
646	1	0
647	0	1
648	1	0
649	0	1
650	1	0
651	0	1
652	1	0
653	0	1
654	0	1
655	1	0
656	1	0
657	1	0
658	1	0
659	0	1
660	0	1
661	1	0
662	1	0
663	0	1
664	1	0
665	0	1
666	1	0
667	1	0
668	0	1
669	1	0
670	1	0
671	1	0
672	1	0
673	1	0
674	1	0
675	1	0
676	0	1
677	0	1
678	0	1
679	0	1
680	1	0
681	1	0
682	0	1
683	1	0
684	0	1
685	1	0
686	0	1
687	1	0
688	0	1
689	0	1
690	1	0
691	0	1
692	1	0
693	1	0
694	1	0
695	1	0
696	1	0
697	1	0
698	1	0
699	0	1
700	1	0
701	1	0
702	1	0
703	1	0
704	1	0
705	1	0
706	1	0
707	0	1
708	1	0
709	0	1
710	1	0
711	0	1
712	0	1
713	1	0
714	1	0
715	1	0
716	1	0
717	1	0
718	1	0
719	0	1
720	1	0
721	1	0
722	0	1
723	0	1
724	1	0
725	0	1
726	0	1
727	1	0
728	1	0
729	1	0
730	1	0
731	1	0
732	1	0
733	1	0
734	1	0
735	0	1
736	1	0
737	0	1
738	0	1
739	0	1
740	0	1
741	1	0
742	1	0
743	0	1
744	1	0
745	1	0
746	1	0
747	1	0
748	1	0
749	1	0
750	1	0
751	1	0
752	0	1
753	1	0
754	1	0
755	1	0
756	1	0
757	1	0
758	0	1
759	1	0
760	0	1
761	1	0
762	1	0
763	1	0
764	0	1
765	1	0
766	1	0
767	1	0
768	1	0
769	0	1
770	1	0
771	1	0
772	0	1
773	1	0
774	1	0
775	1	0
776	1	0
777	1	0
778	0	1
779	0	1
780	1	0
781	0	1
782	0	1
783	0	1
784	0	1
785	1	0
786	0	1
787	0	1
788	1	0
789	1	0
790	1	0
791	1	0
792	0	1
793	0	1
794	1	0
795	0	1
796	1	0
797	0	1
798	1	0
799	1	0
800	1	0
801	1	0
802	1	0
803	1	0
804	1	0
805	1	0
806	0	1
807	1	0
808	1	0
809	1	0
810	1	0
811	0	1
812	0	1
813	1	0
814	0	1
815	1	0
816	1	0
817	1	0
818	1	0
819	1	0
820	1	0
821	1	0
822	1	0
823	0	1
824	0	1
825	1	0
826	1	0
827	1	0
828	1	0
829	1	0
830	1	0
831	1	0
832	1	0
833	1	0
834	1	0
835	1	0
836	0	1
837	1	0
838	0	1
839	0	1
840	1	0
841	0	1
842	1	0
843	1	0
844	1	0
845	1	0
846	1	0
847	1	0
848	1	0
849	1	0
850	1	0
851	0	1
852	1	0
853	1	0
854	0	1
855	1	0
856	0	1
857	0	1
858	1	0
859	1	0
860	1	0
861	0	1
862	1	0
863	1	0
864	1	0
865	1	0
866	1	0
867	1	0
868	0	1
869	1	0
870	1	0
871	1	0
872	0	1
873	1	0
874	1	0
875	0	1
876	1	0
877	1	0
878	1	0
879	1	0
880	1	0
881	1	0
882	0	1
883	0	1
884	0	1
885	1	0
886	1	0
887	1	0
888	1	0
889	0	1
890	1	0
891	1	0
892	1	0
893	0	1
894	1	0
895	1	0
896	1	0
897	1	0
898	1	0
899	0	1
900	1	0
901	1	0
902	1	0
903	0	1
904	1	0
905	0	1
906	1	0
907	0	1
908	1	0
909	1	0
910	1	0
911	0	1
912	0	1
913	1	0
914	1	0
915	1	0
916	1	0
917	0	1
918	1	0
919	1	0
920	1	0
921	1	0
922	1	0
923	1	0
924	0	1
925	1	0
926	1	0
927	1	0
928	0	1
929	1	0
930	1	0
931	1	0
932	1	0
933	0	1
934	1	0
935	1	0
936	1	0
937	1	0
938	1	0
939	1	0
940	0	1
941	1	0
942	0	1
943	0	1
944	0	1
945	1	0
946	1	0
947	0	1
948	1	0
949	1	0
950	1	0
951	0	1
952	1	0
953	1	0
954	0	1
955	1	0
956	1	0
957	1	0
958	1	0
959	0	1
960	1	0
961	1	0
962	0	1
963	0	1
964	1	0
965	1	0
966	1	0
967	0	1
968	0	1
969	1	0
970	0	1
971	1	0
972	0	1
973	1	0
974	1	0
975	1	0
976	1	0
977	1	0
978	0	1
979	0	1
980	1	0
981	0	1
982	0	1
983	1	0
984	1	0
985	1	0
986	0	1
987	0	1
988	1	0
989	0	1
990	1	0
991	1	0
992	1	0
993	1	0
994	0	1
995	1	0
996	1	0
997	1	0
998	0	1
999	1	0
1000	0	1
1001	0	1
1002	0	1
1003	1	0
1004	1	0
1005	0	1
1006	1	0
1007	1	0
1008	1	0
1009	0	1
1010	1	0
1011	1	0
1012	1	0
1013	1	0
1014	1	0
1015	0	1
1016	0	1
1017	0	1
1018	1	0
1019	1	0
1020	0	1
1021	1	0
1022	0	1
1023	1	0
1024	1	0
1025	1	0
1026	1	0
1027	0	1
1028	1	0
1029	0	1
1030	1	0
1031	0	1
1032	1	0
1033	0	1
1034	1	0
1035	0	1
1036	1	0
1037	0	1
1038	0	1
1039	1	0
1040	0	1
1041	1	0
1042	0	1
1043	1	0
1044	1	0
1045	1	0
1046	1	0
1047	1	0
1048	0	1
1049	0	1
1050	1	0
1051	1	0
1052	0	1
1053	0	1
1054	0	1
1055	0	1
1056	1	0
1057	1	0
1058	1	0
1059	1	0
1060	1	0
1061	0	1
1062	0	1
1063	1	0
1064	1	0
1065	1	0
1066	1	0
1067	1	0
1068	1	0
1069	1	0
1070	1	0
1071	1	0
1072	1	0
1073	1	0
1074	0	1
1075	1	0
1076	0	1
1077	1	0
1078	1	0
1079	0	1
1080	1	0
1081	0	1
1082	1	0
1083	1	0
1084	0	1
1085	1	0
1086	0	1
1087	1	0
1088	0	1
1089	1	0
1090	1	0
1091	1	0
1092	0	1
1093	0	1
1094	1	0
1095	1	0
1096	0	1
1097	0	1
1098	0	1
1099	1	0
1100	1	0
1101	0	1
1102	1	0
1103	1	0
1104	1	0
1105	1	0
1106	0	1
1107	1	0
1108	1	0
1109	0	1
1110	0	1
1111	1	0
1112	1	0
1113	1	0
1114	0	1
1115	0	1
1116	0	1
1117	0	1
1118	1	0
1119	1	0
1120	0	1
1121	0	1
1122	1	0
1123	0	1
1124	0	1
1125	1	0
1126	0	1
1127	1	0
1128	1	0
1129	1	0
1130	1	0
1131	0	1
1132	0	1
1133	1	0
1134	0	1
1135	1	0
1136	1	0
1137	1	0
1138	1	0
1139	1	0
1140	1	0
1141	1	0
1142	0	1
1143	1	0
1144	0	1
1145	0	1
1146	1	0
1147	1	0
1148	1	0
1149	1	0
1150	1	0
1151	1	0
1152	0	1
1153	0	1
1154	1	0
1155	1	0
1156	0	1
1157	0	1
1158	0	1
1159	1	0
1160	1	0
1161	1	0
1162	0	1
1163	1	0
1164	0	1
1165	0	1
1166	1	0
1167	1	0
1168	1	0
1169	0	1
1170	1	0
1171	1	0
1172	1	0
1173	1	0
1174	0	1
1175	1	0
1176	1	0
1177	1	0
1178	0	1
1179	1	0
1180	1	0
1181	1	0
1182	1	0
1183	1	0
1184	0	1
1185	1	0
1186	0	1
1187	1	0
1188	1	0
1189	0	1
1190	0	1
1191	1	0
1192	1	0
1193	1	0
1194	1	0
1195	0	1
1196	0	1
1197	1	0
1198	0	1
1199	0	1
1200	0	1
1201	1	0
1202	0	1
1203	1	0
1204	1	0
1205	1	0
1206	1	0
1207	0	1
1208	1	0
1209	1	0
1210	1	0
1211	1	0
1212	1	0
1213	0	1
1214	1	0
1215	1	0
1216	1	0
1217	1	0
1218	1	0
1219	1	0
1220	0	1
1221	1	0
1222	0	1
1223	1	0
1224	0	1
1225	1	0
1226	0	1
1227	1	0
1228	0	1
1229	0	1
1230	0	1
1231	1	0
1232	1	0
1233	0	1
1234	1	0
1235	0	1
1236	0	1
1237	0	1
1238	1	0
1239	1	0
1240	0	1
1241	0	1
1242	1	0
1243	1	0
1244	0	1
1245	1	0
1246	1	0
1247	1	0
1248	0	1
1249	1	0
1250	1	0
1251	0	1
1252	0	1
1253	0	1
1254	1	0
1255	0	1
1256	1	0
1257	1	0
1258	1	0
1259	1	0
1260	1	0
1261	1	0
1262	0	1
1263	1	0
1264	0	1
1265	0	1
1266	1	0
1267	1	0
1268	0	1
1269	0	1
1270	1	0
1271	0	1
1272	0	1
1273	1	0
1274	1	0
1275	0	1
1276	0	1
1277	1	0
1278	1	0
1279	1	0
1280	0	1
1281	1	0
1282	1	0
1283	1	0
1284	1	0
1285	1	0
1286	0	1
1287	1	0
1288	0	1
1289	0	1
1290	0	1
1291	1	0
1292	0	1
1293	1	0
1294	0	1
1295	1	0
1296	1	0
1297	1	0
1298	1	0
1299	0	1
1300	1	0
1301	1	0
1302	1	0
1303	1	0
1304	1	0
1305	0	1
1306	1	0
1307	1	0
1308	0	1
1309	1	0
1310	1	0
1311	0	1
1312	1	0
1313	1	0
1314	0	1
1315	0	1
1316	1	0
1317	0	1
1318	0	1
1319	1	0
1320	0	1
1321	0	1
1322	0	1
1323	1	0
1324	1	0
1325	1	0
1326	1	0
1327	1	0
1328	1	0
1329	0	1
1330	0	1
1331	1	0
1332	1	0
1333	1	0
1334	1	0
1335	1	0
1336	1	0
1337	1	0
1338	1	0
1339	1	0
1340	1	0
1341	1	0
1342	1	0
1343	1	0
1344	1	0
1345	1	0
1346	1	0
1347	0	1
1348	1	0
1349	1	0
1350	1	0
1351	1	0
1352	1	0
1353	1	0
1354	0	1
1355	1	0
1356	0	1
1357	1	0
1358	1	0
1359	0	1
1360	1	0
1361	0	1
1362	0	1
1363	1	0
1364	1	0
1365	1	0
1366	1	0
1367	1	0
1368	1	0
1369	0	1
1370	1	0
1371	0	1
1372	1	0
1373	1	0
1374	1	0
1375	0	1
1376	0	1
1377	1	0
1378	0	1
1379	0	1
1380	0	1
1381	1	0
1382	1	0
1383	1	0
1384	1	0
1385	1	0
1386	1	0
1387	0	1
1388	0	1
1389	1	0
1390	0	1
1391	0	1
1392	0	1
1393	0	1
1394	0	1
1395	1	0
1396	0	1
1397	0	1
1398	1	0
1399	1	0
1400	0	1
1401	0	1
1402	1	0
1403	1	0
1404	1	0
1405	1	0
1406	1	0
1407	1	0
1408	1	0
1409	1	0
1410	1	0
1411	1	0
1412	1	0
1413	0	1
1414	1	0
1415	0	1
1416	1	0
1417	0	1
1418	1	0
1419	1	0
1420	1	0
1421	0	1
1422	0	1
1423	1	0
1424	1	0
1425	1	0
1426	1	0
1427	1	0
1428	1	0
1429	1	0
1430	1	0
1431	0	1
1432	0	1
1433	0	1
1434	1	0
1435	1	0
1436	1	0
1437	1	0
1438	0	1
1439	1	0
1440	0	1
1441	1	0
1442	1	0
1443	1	0
1444	0	1
1445	1	0
1446	0	1
1447	1	0
1448	0	1
1449	1	0
1450	0	1
1451	1	0
1452	1	0
1453	1	0
1454	1	0
1455	1	0
1456	0	1
1457	1	0
1458	1	0
1459	1	0
1460	1	0
1461	1	0
1462	1	0
1463	1	0
1464	0	1
1465	0	1
1466	0	1
1467	1	0
1468	1	0
1469	0	1
1470	1	0
1471	1	0
1472	0	1
1473	1	0
1474	0	1
1475	0	1
1476	1	0
1477	1	0
1478	0	1
1479	0	1
1480	1	0
1481	1	0
1482	0	1
1483	0	1
1484	1	0
1485	1	0
1486	1	0
1487	0	1
1488	1	0
1489	1	0
1490	1	0
1491	0	1
1492	1	0
1493	0	1
1494	0	1
1495	1	0
1496	0	1
1497	1	0
1498	0	1
1499	0	1
1500	1	0
1501	1	0
1502	1	0
1503	1	0
1504	1	0
1505	1	0
1506	0	1
1507	0	1
1508	0	1
1509	1	0
1510	1	0
1511	1	0
1512	1	0
1513	0	1
1514	0	1
1515	0	1
1516	1	0
1517	1	0
1518	0	1
1519	0	1
1520	0	1
1521	0	1
1522	1	0
1523	0	1
1524	0	1
1525	1	0
1526	0	1
1527	0	1
1528	0	1
1529	1	0
1530	1	0
1531	1	0
1532	1	0
1533	0	1
1534	1	0
1535	1	0
1536	1	0
1537	0	1
1538	1	0
1539	1	0
1540	1	0
1541	1	0
1542	1	0
1543	1	0
1544	0	1
1545	0	1
1546	1	0
1547	0	1
1548	0	1
1549	1	0
1550	1	0
1551	0	1
1552	1	0
1553	0	1
1554	1	0
1555	0	1
1556	1	0
1557	1	0
1558	0	1
1559	0	1
1560	1	0
1561	1	0
1562	0	1
1563	0	1
1564	1	0
1565	1	0
1566	0	1
1567	1	0
1568	1	0
1569	0	1
1570	1	0
1571	1	0
1572	0	1
1573	1	0
1574	1	0
1575	1	0
1576	0	1
1577	0	1
1578	1	0
1579	1	0
1580	1	0
1581	0	1
1582	1	0
1583	1	0
1584	0	1
1585	0	1
1586	1	0
1587	1	0
1588	1	0
1589	1	0
1590	0	1
1591	0	1
1592	1	0
1593	1	0
1594	0	1
1595	0	1
1596	1	0
1597	0	1
1598	0	1
1599	1	0
1600	0	1
1601	0	1
1602	1	0
1603	0	1
1604	1	0
1605	1	0
1606	1	0
1607	1	0
1608	1	0
1609	1	0
1610	1	0
1611	1	0
1612	1	0
1613	0	1
1614	1	0
1615	1	0
1616	0	1
1617	0	1
1618	0	1
1619	1	0
1620	0	1
1621	1	0
1622	0	1
1623	1	0
1624	1	0
1625	1	0
1626	1	0
1627	1	0
1628	1	0
1629	0	1
1630	0	1
1631	0	1
1632	1	0
1633	0	1
1634	1	0
1635	0	1
1636	1	0
1637	1	0
1638	1	0
1639	1	0
1640	0	1
1641	0	1
1642	1	0
1643	0	1
1644	1	0
1645	1	0
1646	0	1
1647	1	0
1648	0	1
1649	1	0
1650	1	0
1651	1	0
1652	0	1
1653	1	0
1654	0	1
1655	1	0
1656	1	0
1657	1	0
1658	1	0
1659	0	1
1660	0	1
1661	0	1
1662	1	0
1663	1	0
1664	1	0
1665	1	0
1666	1	0
1667	1	0
1668	1	0
1669	1	0
1670	0	1
1671	0	1
1672	1	0
1673	1	0
1674	1	0
1675	0	1
1676	1	0
1677	0	1
1678	1	0
1679	1	0
1680	1	0
1681	0	1
1682	1	0
1683	1	0
1684	1	0
1685	0	1
1686	1	0
1687	0	1
1688	1	0
1689	1	0
1690	1	0
1691	0	1
1692	1	0
1693	1	0
1694	1	0
1695	1	0
1696	1	0
1697	1	0
1698	0	1
1699	0	1
1700	1	0
1701	1	0
1702	1	0
1703	1	0
1704	0	1
1705	0	1
1706	1	0
1707	1	0
1708	1	0
1709	1	0
1710	1	0
1711	1	0
1712	1	0
1713	0	1
1714	1	0
1715	1	0
1716	1	0
1717	1	0
1718	1	0
1719	1	0
1720	0	1
1721	1	0
1722	1	0
1723	0	1
1724	0	1
1725	1	0
1726	1	0
1727	1	0
1728	1	0
1729	1	0
1730	1	0
1731	1	0
1732	1	0
1733	0	1
1734	0	1
1735	1	0
1736	0	1
1737	0	1
1738	1	0
1739	1	0
1740	1	0
1741	0	1
1742	0	1
1743	1	0
1744	0	1
1745	1	0
1746	0	1
1747	0	1
1748	1	0
1749	1	0
1750	1	0
1751	1	0
1752	1	0
1753	1	0
1754	1	0
1755	1	0
1756	1	0
1757	1	0
1758	1	0
1759	1	0
1760	0	1
1761	1	0
1762	0	1
1763	1	0
1764	1	0
1765	0	1
1766	1	0
1767	0	1
1768	1	0
1769	1	0
1770	1	0
1771	1	0
1772	0	1
1773	1	0
1774	0	1
1775	1	0
1776	1	0
1777	1	0
1778	1	0
1779	1	0
1780	1	0
1781	1	0
1782	0	1
1783	1	0
1784	1	0
1785	1	0
1786	0	1
1787	0	1
1788	1	0
1789	1	0
1790	1	0
1791	0	1
1792	1	0
1793	1	0
1794	1	0
1795	0	1
1796	1	0
1797	0	1
1798	0	1
1799	0	1
1800	0	1
1801	0	1
1802	0	1
1803	0	1
1804	1	0
1805	1	0
1806	1	0
1807	1	0
1808	0	1
1809	0	1
1810	0	1
1811	0	1
1812	1	0
1813	0	1
1814	1	0
1815	0	1
1816	1	0
1817	0	1
1818	1	0
1819	1	0
1820	1	0
1821	1	0
1822	0	1
1823	0	1
1824	1	0
1825	0	1
1826	1	0
1827	0	1
1828	0	1
1829	0	1
1830	1	0
1831	0	1
1832	1	0
1833	1	0
1834	1	0
1835	0	1
1836	1	0
1837	1	0
1838	1	0
1839	1	0
1840	0	1
1841	0	1
1842	1	0
1843	0	1
1844	1	0
1845	1	0
1846	1	0
1847	0	1
1848	1	0
1849	1	0
1850	0	1
1851	0	1
1852	0	1
1853	0	1
1854	1	0
1855	0	1
1856	1	0
1857	1	0
1858	1	0
1859	1	0
1860	1	0
1861	1	0
1862	0	1
1863	0	1
1864	1	0
1865	0	1
1866	1	0
1867	0	1
1868	0	1
1869	0	1
1870	0	1
1871	1	0
1872	1	0
1873	0	1
1874	0	1
1875	1	0
1876	1	0
1877	1	0
1878	1	0
1879	1	0
1880	1	0
1881	1	0
1882	1	0
1883	1	0
1884	1	0
1885	0	1
1886	1	0
1887	1	0
1888	1	0
1889	0	1
1890	1	0
1891	1	0
1892	1	0
1893	1	0
1894	0	1
1895	0	1
1896	1	0
1897	0	1
1898	0	1
1899	1	0
1900	1	0
1901	0	1
1902	1	0
1903	0	1
1904	0	1
1905	1	0
1906	1	0
1907	1	0
1908	1	0
1909	1	0
1910	1	0
1911	1	0
1912	1	0
1913	0	1
1914	0	1
1915	1	0
1916	0	1
1917	1	0
1918	1	0
1919	1	0
1920	1	0
1921	1	0
1922	1	0
1923	1	0
1924	1	0
1925	1	0
1926	1	0
1927	1	0
1928	1	0
1929	1	0
1930	0	1
1931	1	0
1932	1	0
1933	1	0
1934	1	0
1935	1	0
1936	1	0
1937	0	1
1938	1	0
1939	1	0
1940	1	0
1941	1	0
1942	1	0
1943	1	0
1944	1	0
1945	1	0
1946	1	0
1947	1	0
1948	1	0
1949	0	1
1950	0	1
1951	1	0
1952	1	0
1953	1	0
1954	1	0
1955	1	0
1956	0	1
1957	1	0
1958	1	0
1959	1	0
1960	1	0
1961	1	0
1962	0	1
1963	0	1
1964	0	1
1965	1	0
1966	1	0
1967	1	0
1968	1	0
1969	0	1
1970	1	0
1971	0	1
1972	0	1
1973	1	0
1974	1	0
1975	1	0
1976	0	1
1977	1	0
1978	0	1
1979	0	1
1980	0	1
1981	0	1
1982	0	1
1983	1	0
1984	1	0
1985	1	0
1986	1	0
1987	1	0
1988	1	0
1989	1	0
1990	1	0
1991	0	1
1992	1	0
1993	0	1
1994	0	1
1995	0	1
1996	1	0
1997	0	1
1998	0	1
1999	1	0
2000	1	0
2001	1	0
2002	0	1
2003	1	0
2004	1	0
2005	1	0
2006	1	0
2007	1	0
2008	1	0
2009	1	0
2010	0	1
2011	1	0
2012	1	0
2013	1	0
2014	1	0
2015	1	0
2016	1	0
2017	1	0
2018	1	0
2019	0	1
2020	1	0
2021	1	0
2022	1	0
2023	0	1
2024	0	1
2025	1	0
2026	1	0
2027	1	0
2028	1	0
2029	1	0
2030	1	0
2031	1	0
2032	1	0
2033	1	0
2034	0	1
2035	0	1
2036	1	0
2037	1	0
2038	1	0
2039	1	0
2040	1	0
2041	0	1
2042	1	0
2043	0	1
2044	1	0
2045	0	1
2046	1	0
2047	0	1
2048	1	0
2049	1	0
2050	0	1
2051	1	0
2052	1	0
2053	1	0
2054	0	1
2055	1	0
2056	1	0
2057	0	1
2058	1	0
2059	0	1
2060	0	1
2061	0	1
2062	0	1
2063	1	0
2064	1	0
2065	0	1
2066	0	1
2067	1	0
2068	0	1
2069	1	0
2070	1	0
2071	0	1
2072	0	1
2073	1	0
2074	1	0
2075	0	1
2076	0	1
2077	1	0
2078	0	1
2079	0	1
2080	1	0
2081	0	1
2082	1	0
2083	1	0
2084	0	1
2085	1	0
2086	0	1
2087	0	1
2088	1	0
2089	1	0
2090	1	0
2091	1	0
2092	0	1
2093	0	1
2094	1	0
2095	1	0
2096	1	0
2097	0	1
2098	1	0
2099	0	1
2100	1	0
2101	1	0
2102	1	0
2103	0	1
2104	1	0
2105	0	1
2106	1	0
2107	0	1
2108	1	0
2109	0	1
2110	1	0
2111	1	0
2112	0	1
2113	0	1
2114	0	1
2115	0	1
2116	0	1
2117	1	0
2118	1	0
2119	1	0
2120	1	0
2121	1	0
2122	1	0
2123	1	0
2124	1	0
2125	1	0
2126	0	1
2127	1	0
2128	0	1
2129	1	0
2130	0	1
2131	0	1
2132	1	0
2133	1	0
2134	1	0
2135	1	0
2136	1	0
2137	0	1
2138	0	1
2139	1	0
2140	0	1
2141	1	0
2142	0	1
2143	0	1
2144	0	1
2145	1	0
2146	0	1
2147	1	0
2148	0	1
2149	1	0
2150	1	0
2151	0	1
2152	1	0
2153	0	1
2154	1	0
2155	0	1
2156	1	0
2157	0	1
2158	0	1
2159	1	0
2160	0	1
2161	1	0
2162	1	0
2163	1	0
2164	1	0
2165	1	0
2166	1	0
2167	1	0
2168	1	0
2169	0	1
2170	1	0
2171	1	0
2172	1	0
2173	0	1
2174	0	1
2175	1	0
2176	1	0
2177	0	1
2178	1	0
2179	1	0
2180	1	0
2181	0	1
2182	1	0
2183	0	1
2184	0	1
2185	1	0
2186	1	0
2187	1	0
2188	1	0
2189	1	0
2190	0	1
2191	1	0
2192	1	0
2193	0	1
2194	0	1
2195	0	1
2196	0	1
2197	0	1
2198	0	1
2199	1	0
2200	1	0
2201	1	0
2202	0	1
2203	1	0
2204	0	1
2205	1	0
2206	1	0
2207	1	0
2208	0	1
2209	1	0
2210	0	1
2211	1	0
2212	0	1
2213	1	0
2214	1	0
2215	1	0
2216	1	0
2217	1	0
2218	1	0
2219	1	0
2220	0	1
2221	0	1
2222	0	1
2223	1	0
2224	1	0
2225	0	1
2226	0	1
2227	1	0
2228	1	0
2229	0	1
2230	1	0
2231	1	0
2232	0	1
2233	0	1
2234	1	0
2235	0	1
2236	0	1
2237	0	1
2238	0	1
2239	0	1
2240	0	1
2241	1	0
2242	1	0
2243	1	0
2244	0	1
2245	1	0
2246	1	0
2247	1	0
2248	1	0
2249	0	1
2250	1	0
2251	1	0
2252	1	0
2253	1	0
2254	1	0
2255	1	0
2256	0	1
2257	1	0
2258	1	0
2259	1	0
2260	1	0
2261	1	0
2262	1	0
2263	0	1
2264	0	1
2265	0	1
2266	0	1
2267	0	1
2268	1	0
2269	1	0
2270	1	0
2271	0	1
2272	1	0
2273	1	0
2274	1	0
2275	1	0
2276	0	1
2277	1	0
2278	0	1
2279	1	0
2280	1	0
2281	0	1
2282	0	1
2283	1	0
2284	1	0
2285	1	0
2286	1	0
2287	1	0
2288	1	0
2289	1	0
2290	1	0
2291	1	0
2292	1	0
2293	0	1
2294	1	0
2295	1	0
2296	1	0
2297	0	1
2298	1	0
2299	1	0
2300	1	0
2301	1	0
2302	1	0
2303	1	0
2304	0	1
2305	1	0
2306	1	0
2307	1	0
2308	1	0
2309	1	0
2310	1	0
2311	1	0
2312	1	0
2313	0	1
2314	0	1
2315	0	1
2316	1	0
2317	0	1
2318	0	1
2319	1	0
2320	0	1
2321	1	0
2322	1	0
2323	0	1
2324	0	1
2325	1	0
2326	0	1
2327	1	0
2328	0	1
2329	1	0
2330	1	0
2331	0	1
2332	1	0
2333	0	1
2334	0	1
2335	0	1
2336	1	0
2337	0	1
2338	1	0
2339	0	1
2340	0	1
2341	1	0
2342	0	1
2343	1	0
2344	1	0
2345	1	0
2346	1	0
2347	1	0
2348	1	0
2349	1	0
2350	0	1
2351	0	1
2352	1	0
2353	1	0
2354	0	1
2355	0	1
2356	1	0
2357	1	0
2358	1	0
2359	0	1
2360	1	0
2361	0	1
2362	0	1
2363	1	0
2364	0	1
2365	0	1
2366	1	0
2367	1	0
2368	1	0
2369	1	0
2370	1	0
2371	1	0
2372	1	0
2373	0	1
2374	0	1
2375	1	0
2376	0	1
2377	1	0
2378	0	1
2379	0	1
2380	1	0
2381	0	1
2382	0	1
2383	1	0
2384	1	0
2385	1	0
2386	0	1
2387	1	0
2388	1	0
2389	1	0
2390	1	0
2391	1	0
2392	1	0
2393	0	1
2394	1	0
2395	0	1
2396	0	1
2397	0	1
2398	1	0
2399	0	1
2400	1	0
2401	1	0
2402	1	0
2403	1	0
2404	1	0
2405	0	1
2406	1	0
2407	1	0
2408	1	0
2409	1	0
2410	1	0
2411	0	1
2412	0	1
2413	0	1
2414	1	0
2415	0	1
2416	1	0
2417	0	1
2418	0	1
2419	1	0
2420	1	0
2421	1	0
2422	1	0
2423	1	0
2424	1	0
2425	1	0
2426	1	0
2427	0	1
2428	0	1
2429	1	0
2430	0	1
2431	0	1
2432	0	1
2433	1	0
2434	1	0
2435	0	1
2436	1	0
2437	1	0
2438	0	1
2439	1	0
2440	1	0
2441	1	0
2442	1	0
2443	0	1
2444	0	1
2445	0	1
2446	0	1
2447	0	1
2448	1	0
2449	1	0
2450	1	0
2451	1	0
2452	1	0
2453	1	0
2454	0	1
2455	1	0
2456	1	0
2457	1	0
2458	1	0
2459	0	1
2460	0	1
2461	1	0
2462	0	1
2463	0	1
2464	1	0
2465	1	0
2466	0	1
2467	1	0
2468	1	0
2469	0	1
2470	0	1
2471	1	0
2472	1	0
2473	1	0
2474	1	0
2475	1	0
2476	0	1
2477	1	0
2478	1	0
2479	1	0
2480	1	0
2481	0	1
2482	1	0
2483	1	0
2484	0	1
2485	1	0
2486	0	1
2487	0	1
2488	1	0
2489	1	0
2490	0	1
2491	1	0
2492	1	0
2493	1	0
2494	1	0
2495	0	1
2496	1	0
2497	0	1
2498	1	0
2499	0	1
2500	1	0
2501	1	0
2502	1	0
2503	0	1
2504	0	1
2505	1	0
2506	0	1
2507	1	0
2508	0	1
2509	1	0
2510	0	1
2511	1	0
2512	1	0
2513	0	1
2514	1	0
2515	1	0
2516	1	0
2517	1	0
2518	1	0
2519	0	1
2520	0	1
2521	1	0
2522	1	0
2523	1	0
2524	1	0
2525	0	1
2526	1	0
2527	0	1
2528	1	0
2529	1	0
2530	1	0
2531	1	0
2532	0	1
2533	1	0
2534	0	1
2535	1	0
2536	0	1
2537	1	0
2538	0	1
2539	1	0
2540	1	0
2541	1	0
2542	1	0
2543	1	0
2544	1	0
2545	0	1
2546	0	1
2547	1	0
2548	1	0
2549	0	1
2550	1	0
2551	1	0
2552	1	0
2553	1	0
2554	0	1
2555	0	1
2556	0	1
2557	0	1
2558	0	1
2559	1	0
2560	0	1
2561	1	0
2562	0	1
2563	0	1
2564	0	1
2565	0	1
2566	0	1
2567	1	0
2568	1	0
2569	1	0
2570	1	0
2571	0	1
2572	1	0
2573	1	0
2574	0	1
2575	1	0
2576	1	0
2577	1	0
2578	1	0
2579	1	0
2580	1	0
2581	0	1
2582	1	0
2583	0	1
2584	0	1
2585	0	1
2586	1	0
2587	0	1
2588	0	1
2589	1	0
2590	0	1
2591	1	0
2592	1	0
2593	1	0
2594	0	1
2595	1	0
2596	0	1
2597	0	1
2598	1	0
2599	0	1
2600	1	0
2601	0	1
2602	1	0
2603	1	0
2604	0	1
2605	0	1
2606	1	0
2607	1	0
2608	0	1
2609	1	0
2610	1	0
2611	1	0
2612	1	0
2613	1	0
2614	0	1
2615	0	1
2616	0	1
2617	0	1
2618	0	1
2619	0	1
2620	1	0
2621	1	0
2622	1	0
2623	1	0
2624	0	1
2625	1	0
2626	0	1
2627	1	0
2628	0	1
2629	0	1
2630	0	1
2631	0	1
2632	0	1
2633	1	0
2634	0	1
2635	0	1
2636	1	0
2637	1	0
2638	1	0
2639	1	0
2640	1	0
2641	0	1
2642	1	0
2643	0	1
2644	1	0
2645	1	0
2646	1	0
2647	1	0
2648	1	0
2649	1	0
2650	0	1
2651	1	0
2652	1	0
2653	0	1
2654	0	1
2655	0	1
2656	1	0
2657	1	0
2658	1	0
2659	1	0
2660	1	0
2661	1	0
2662	1	0
2663	1	0
2664	1	0
2665	1	0
2666	1	0
2667	0	1
2668	1	0
2669	1	0
2670	1	0
2671	1	0
2672	1	0
2673	1	0
2674	0	1
2675	1	0
2676	0	1
2677	1	0
2678	1	0
2679	0	1
2680	1	0
2681	1	0
2682	1	0
2683	1	0
2684	1	0
2685	1	0
2686	0	1
2687	0	1
2688	1	0
2689	0	1
2690	0	1
2691	1	0
2692	1	0
2693	0	1
2694	0	1
2695	0	1
2696	1	0
2697	1	0
2698	0	1
2699	1	0
2700	0	1
2701	1	0
2702	1	0
2703	1	0
2704	1	0
2705	0	1
2706	0	1
2707	1	0
2708	1	0
2709	1	0
2710	0	1
2711	1	0
2712	1	0
2713	1	0
2714	1	0
2715	1	0
2716	1	0
2717	0	1
2718	1	0
2719	1	0
2720	1	0
2721	0	1
2722	1	0
2723	0	1
2724	0	1
2725	0	1
2726	1	0
2727	1	0
2728	1	0
2729	0	1
2730	1	0
2731	1	0
2732	1	0
2733	0	1
2734	1	0
2735	1	0
2736	1	0
2737	1	0
2738	0	1
2739	1	0
2740	0	1
2741	1	0
2742	0	1
2743	1	0
2744	1	0
2745	0	1
2746	1	0
2747	1	0
2748	1	0
2749	0	1
2750	1	0
2751	0	1
2752	1	0
2753	1	0
2754	0	1
2755	0	1
2756	1	0
2757	0	1
2758	0	1
2759	1	0
2760	1	0
2761	0	1
2762	1	0
2763	1	0
2764	1	0
2765	0	1
2766	1	0
2767	1	0
2768	1	0
2769	0	1
2770	0	1
2771	0	1
2772	1	0
2773	1	0
2774	1	0
2775	1	0
2776	1	0
2777	1	0
2778	1	0
2779	1	0
2780	0	1
2781	0	1
2782	0	1
2783	1	0
2784	0	1
2785	1	0
2786	1	0
2787	0	1
2788	1	0
2789	1	0
2790	1	0
2791	0	1
2792	1	0
2793	0	1
2794	0	1
2795	0	1
2796	1	0
2797	1	0
2798	1	0
2799	1	0
2800	0	1
2801	0	1
2802	0	1
2803	1	0
2804	0	1
2805	0	1
2806	1	0
2807	1	0
2808	0	1
2809	1	0
2810	1	0
2811	0	1
2812	1	0
2813	1	0
2814	1	0
2815	1	0
2816	1	0
2817	0	1
2818	1	0
2819	1	0
2820	1	0
2821	0	1
2822	1	0
2823	0	1
2824	1	0
2825	0	1
2826	1	0
2827	1	0
2828	1	0
2829	1	0
2830	0	1
2831	1	0
2832	1	0
2833	1	0
2834	1	0
2835	1	0
2836	1	0
2837	1	0
2838	1	0
2839	0	1
2840	1	0
2841	0	1
2842	1	0
2843	1	0
2844	1	0
2845	1	0
2846	1	0
2847	1	0
2848	1	0
2849	0	1
2850	0	1
2851	1	0
2852	0	1
2853	1	0
2854	0	1
2855	1	0
2856	1	0
2857	1	0
2858	1	0
2859	0	1
2860	1	0
2861	0	1
2862	1	0
2863	1	0
2864	0	1
2865	1	0
2866	1	0
2867	1	0
2868	0	1
2869	1	0
2870	0	1
2871	0	1
2872	1	0
2873	1	0
2874	1	0
2875	1	0
2876	1	0
2877	1	0
2878	1	0
2879	1	0
2880	0	1
2881	0	1
2882	1	0
2883	1	0
2884	1	0
2885	0	1
2886	1	0
2887	1	0
2888	1	0
2889	1	0
2890	0	1
2891	1	0
2892	0	1
2893	1	0
2894	1	0
2895	1	0
2896	1	0
2897	1	0
2898	1	0
2899	0	1
2900	1	0
2901	1	0
2902	1	0
2903	0	1
2904	1	0
2905	1	0
2906	1	0
2907	0	1
2908	1	0
2909	1	0
2910	0	1
2911	0	1
2912	1	0
2913	1	0
2914	1	0
2915	0	1
2916	0	1
2917	0	1
2918	0	1
2919	0	1
2920	1	0
2921	1	0
2922	1	0
2923	1	0
2924	1	0
2925	0	1
2926	0	1
2927	1	0
2928	1	0
2929	1	0
2930	1	0
2931	0	1
2932	1	0
2933	1	0
2934	1	0
2935	1	0
2936	1	0
2937	1	0
2938	1	0
2939	1	0
2940	0	1
2941	1	0
2942	1	0
2943	0	1
2944	0	1
2945	1	0
2946	1	0
2947	0	1
2948	0	1
2949	1	0
2950	1	0
2951	1	0
2952	1	0
2953	1	0
2954	0	1
2955	1	0
2956	1	0
2957	0	1
2958	1	0
2959	1	0
2960	1	0
2961	0	1
2962	0	1
2963	0	1
2964	1	0
2965	0	1
2966	1	0
2967	1	0
2968	1	0
2969	0	1
2970	0	1
2971	0	1
2972	1	0
2973	0	1
2974	1	0
2975	1	0
2976	1	0
2977	1	0
2978	0	1
2979	0	1
2980	0	1
2981	1	0
2982	1	0
2983	1	0
2984	1	0
2985	0	1
2986	0	1
2987	1	0
2988	1	0
2989	0	1
2990	0	1
2991	1	0
2992	1	0
2993	1	0
2994	1	0
2995	1	0
2996	1	0
2997	1	0
2998	1	0
2999	0	1
3000	1	0
3001	1	0
3002	1	0
3003	1	0
3004	0	1
3005	1	0
3006	1	0
3007	1	0
3008	1	0
3009	1	0
3010	0	1
3011	1	0
3012	1	0
3013	1	0
3014	1	0
3015	0	1
3016	1	0
3017	1	0
3018	1	0
3019	1	0
3020	1	0
3021	0	1
3022	0	1
3023	0	1
3024	1	0
3025	0	1
3026	0	1
3027	1	0
3028	0	1
3029	0	1
3030	0	1
3031	1	0
3032	0	1
3033	1	0
3034	1	0
3035	1	0
3036	1	0
3037	1	0
3038	0	1
3039	1	0
3040	0	1
3041	1	0
3042	1	0
3043	0	1
3044	0	1
3045	1	0
3046	0	1
3047	0	1
3048	1	0
3049	1	0
3050	1	0
3051	1	0
3052	0	1
3053	1	0
3054	0	1
3055	1	0
3056	0	1
3057	1	0
3058	1	0
3059	0	1
3060	1	0
3061	1	0
3062	1	0
3063	0	1
3064	1	0
3065	0	1
3066	1	0
3067	1	0
3068	1	0
3069	0	1
3070	1	0
3071	1	0
3072	1	0
3073	0	1
3074	1	0
3075	1	0
3076	0	1
3077	1	0
3078	1	0
3079	1	0
3080	1	0
3081	0	1
3082	0	1
3083	1	0
3084	1	0
3085	1	0
3086	1	0
3087	0	1
3088	1	0
3089	1	0
3090	0	1
3091	1	0
3092	0	1
3093	0	1
3094	1	0
3095	0	1
3096	1	0
3097	0	1
3098	1	0
3099	1	0
3100	1	0
3101	0	1
3102	0	1
3103	0	1
3104	1	0
3105	1	0
3106	1	0
3107	1	0
3108	1	0
3109	1	0
3110	0	1
3111	1	0
3112	1	0
3113	1	0
3114	0	1
3115	0	1
3116	0	1
3117	0	1
3118	1	0
3119	1	0
3120	1	0
3121	0	1
3122	0	1
3123	0	1
3124	0	1
3125	0	1
3126	0	1
3127	0	1
3128	1	0
3129	0	1
3130	0	1
3131	1	0
3132	0	1
3133	1	0
3134	0	1
3135	0	1
3136	0	1
3137	0	1
3138	0	1
3139	1	0
3140	0	1
3141	0	1
3142	1	0
3143	1	0
3144	1	0
3145	1	0
3146	1	0
3147	1	0
3148	0	1
3149	1	0
3150	1	0
3151	1	0
3152	0	1
3153	1	0
3154	1	0
3155	0	1
3156	1	0
3157	1	0
3158	1	0
3159	1	0
3160	0	1
3161	0	1
3162	1	0
3163	1	0
3164	0	1
3165	1	0
3166	1	0
3167	1	0
3168	1	0
3169	1	0
3170	1	0
3171	1	0
3172	0	1
3173	0	1
3174	1	0
3175	1	0
3176	1	0
3177	0	1
3178	1	0
3179	0	1
3180	0	1
3181	1	0
3182	1	0
3183	0	1
3184	0	1
3185	1	0
3186	1	0
3187	1	0
3188	1	0
3189	1	0
3190	1	0
3191	0	1
3192	0	1
3193	1	0
3194	1	0
3195	1	0
3196	0	1
3197	1	0
3198	1	0
3199	0	1
3200	1	0
3201	0	1
3202	0	1
3203	1	0
3204	1	0
3205	1	0
3206	1	0
3207	0	1
3208	0	1
3209	1	0
3210	1	0
3211	0	1
3212	0	1
3213	1	0
3214	1	0
3215	0	1
3216	1	0
3217	0	1
3218	0	1
3219	0	1
3220	0	1
3221	1	0
3222	0	1
3223	1	0
3224	0	1
3225	1	0
3226	1	0
3227	1	0
3228	1	0
3229	0	1
3230	0	1
3231	1	0
3232	1	0
3233	1	0
3234	1	0
3235	1	0
3236	1	0
3237	1	0
3238	1	0
3239	1	0
3240	1	0
3241	1	0
3242	0	1
3243	1	0
3244	1	0
3245	1	0
3246	1	0
3247	1	0
3248	1	0
3249	0	1
3250	0	1
3251	0	1
3252	0	1
3253	0	1
3254	1	0
3255	1	0
3256	0	1
3257	1	0
3258	1	0
3259	1	0
3260	0	1
3261	0	1
3262	1	0
3263	1	0
3264	1	0
3265	1	0
3266	1	0
3267	1	0
3268	1	0
3269	1	0
3270	1	0
3271	1	0
3272	1	0
3273	0	1
3274	1	0
3275	0	1
3276	0	1
3277	1	0
3278	1	0
3279	1	0
3280	0	1
3281	0	1
3282	0	1
3283	1	0
3284	0	1
3285	1	0
3286	1	0
3287	0	1
3288	0	1
3289	1	0
3290	1	0
3291	1	0
3292	1	0
3293	1	0
3294	1	0
3295	1	0
3296	1	0
3297	1	0
3298	0	1
3299	1	0
3300	0	1
3301	0	1
3302	1	0
3303	0	1
3304	1	0
3305	1	0
3306	1	0
3307	1	0
3308	0	1
3309	1	0
3310	1	0
3311	1	0
3312	0	1
3313	0	1
3314	1	0
3315	0	1
3316	1	0
3317	0	1
3318	0	1
3319	0	1
3320	1	0
3321	0	1
3322	1	0
3323	1	0
3324	0	1
3325	0	1
3326	1	0
3327	1	0
3328	0	1
3329	1	0
3330	1	0
3331	0	1
3332	1	0
3333	1	0
3334	1	0
3335	1	0
3336	1	0
3337	1	0
3338	1	0
3339	1	0
3340	1	0
3341	1	0
3342	0	1
3343	0	1
3344	0	1
3345	1	0
3346	1	0
3347	1	0
3348	1	0
3349	0	1
3350	1	0
3351	1	0
3352	0	1
3353	0	1
3354	1	0
3355	0	1
3356	1	0
3357	1	0
3358	0	1
3359	1	0
3360	1	0
3361	1	0
3362	1	0
3363	0	1
3364	1	0
3365	0	1
3366	0	1
3367	0	1
3368	0	1
3369	1	0
3370	1	0
3371	0	1
3372	0	1
3373	1	0
3374	1	0
3375	1	0
3376	1	0
3377	0	1
3378	1	0
3379	0	1
3380	1	0
3381	1	0
3382	0	1
3383	1	0
3384	1	0
3385	1	0
3386	1	0
3387	1	0
3388	0	1
3389	1	0
3390	0	1
3391	1	0
3392	1	0
3393	1	0
3394	1	0
3395	1	0
3396	1	0
3397	1	0
3398	0	1
3399	1	0
3400	1	0
3401	0	1
3402	1	0
3403	1	0
3404	0	1
3405	1	0
3406	1	0
3407	1	0
3408	0	1
3409	1	0
3410	0	1
3411	0	1
3412	1	0
3413	0	1
3414	0	1
3415	0	1
3416	0	1
3417	1	0
3418	0	1
3419	1	0
3420	1	0
3421	1	0
3422	1	0
3423	0	1
3424	0	1
3425	1	0
3426	1	0
3427	0	1
3428	0	1
3429	0	1
3430	1	0
3431	1	0
3432	1	0
3433	1	0
3434	0	1
3435	0	1
3436	1	0
3437	0	1
3438	0	1
3439	0	1
3440	1	0
3441	1	0
3442	1	0
3443	1	0
3444	0	1
3445	1	0
3446	1	0
3447	1	0
3448	1	0
3449	1	0
3450	1	0
3451	1	0
3452	1	0
3453	1	0
3454	1	0
3455	1	0
3456	1	0
3457	1	0
3458	1	0
3459	1	0
3460	0	1
3461	0	1
3462	0	1
3463	1	0
3464	1	0
3465	1	0
3466	1	0
3467	1	0
3468	0	1
3469	1	0
3470	1	0
3471	1	0
3472	1	0
3473	1	0
3474	1	0
3475	1	0
3476	1	0
3477	1	0
3478	1	0
3479	1	0
3480	0	1
3481	0	1
3482	1	0
3483	1	0
3484	0	1
3485	0	1
3486	1	0
3487	0	1
3488	1	0
3489	0	1
3490	1	0
3491	1	0
3492	1	0
3493	1	0
3494	1	0
3495	1	0
3496	1	0
3497	1	0
3498	0	1
3499	1	0
3500	0	1
3501	0	1
3502	1	0
3503	0	1
3504	1	0
3505	1	0
3506	0	1
3507	1	0
3508	1	0
3509	0	1
3510	1	0
3511	1	0
3512	1	0
3513	1	0
3514	1	0
3515	1	0
3516	1	0
3517	1	0
3518	0	1
3519	0	1
3520	1	0
3521	1	0
3522	0	1
3523	1	0
3524	1	0
3525	0	1
3526	1	0
3527	1	0
3528	1	0
3529	1	0
3530	0	1
3531	1	0
3532	0	1
3533	0	1
3534	1	0
3535	0	1
3536	1	0
3537	1	0
3538	1	0
3539	1	0
3540	0	1
3541	1	0
3542	1	0
3543	1	0
3544	1	0
3545	0	1
3546	1	0
3547	0	1
3548	1	0
3549	0	1
3550	0	1
3551	0	1
3552	0	1
3553	0	1
3554	0	1
3555	1	0
3556	1	0
3557	1	0
3558	0	1
3559	0	1
3560	0	1
3561	1	0
3562	0	1
3563	1	0
3564	1	0
3565	0	1
3566	1	0
3567	1	0
3568	0	1
3569	1	0
3570	1	0
3571	0	1
3572	1	0
3573	1	0
3574	1	0
3575	0	1
3576	1	0
3577	1	0
3578	1	0
3579	1	0
3580	0	1
3581	1	0
3582	1	0
3583	1	0
3584	1	0
3585	1	0
3586	1	0
3587	1	0
3588	1	0
3589	1	0
3590	0	1
3591	1	0
3592	1	0
3593	1	0
3594	1	0
3595	1	0
3596	1	0
3597	0	1
3598	1	0
3599	0	1
3600	0	1
3601	1	0
3602	0	1
3603	1	0
3604	0	1
3605	0	1
3606	1	0
3607	0	1
3608	1	0
3609	0	1
3610	1	0
3611	0	1
3612	1	0
3613	1	0
3614	1	0
3615	0	1
3616	1	0
3617	1	0
3618	1	0
3619	1	0
3620	0	1
3621	0	1
3622	1	0
3623	0	1
3624	1	0
3625	1	0
3626	1	0
3627	1	0
3628	0	1
3629	0	1
3630	0	1
3631	0	1
3632	0	1
3633	0	1
3634	1	0
3635	1	0
3636	1	0
3637	0	1
3638	1	0
3639	1	0
3640	1	0
3641	0	1
3642	0	1
3643	0	1
3644	1	0
3645	0	1
3646	1	0
3647	1	0
3648	1	0
3649	0	1
3650	1	0
3651	1	0
3652	0	1
3653	1	0
3654	1	0
3655	0	1
3656	1	0
3657	0	1
3658	0	1
3659	1	0
3660	0	1
3661	1	0
3662	1	0
3663	0	1
3664	0	1
3665	1	0
3666	0	1
3667	1	0
3668	1	0
3669	0	1
3670	0	1
3671	0	1
3672	0	1
3673	0	1
3674	1	0
3675	0	1
3676	0	1
3677	1	0
3678	0	1
3679	0	1
3680	1	0
3681	1	0
3682	1	0
3683	1	0
3684	1	0
3685	1	0
3686	1	0
3687	0	1
3688	0	1
3689	1	0
3690	1	0
3691	1	0
3692	0	1
3693	1	0
3694	1	0
3695	1	0
3696	1	0
3697	1	0
3698	1	0
3699	0	1
3700	1	0
3701	1	0
3702	0	1
3703	0	1
3704	0	1
3705	1	0
3706	1	0
3707	1	0
3708	0	1
3709	0	1
3710	1	0
3711	0	1
3712	1	0
3713	0	1
3714	1	0
3715	1	0
3716	1	0
3717	1	0
3718	1	0
3719	0	1
3720	0	1
3721	0	1
3722	1	0
3723	0	1
3724	0	1
3725	1	0
3726	1	0
3727	1	0
3728	0	1
3729	1	0
3730	1	0
3731	1	0
3732	1	0
3733	1	0
3734	0	1
3735	1	0
3736	1	0
3737	1	0
3738	1	0
3739	1	0
3740	0	1
3741	0	1
3742	1	0
3743	1	0
3744	1	0
3745	0	1
3746	1	0
3747	1	0
3748	0	1
3749	1	0
3750	0	1
3751	1	0
3752	1	0
3753	0	1
3754	1	0
3755	0	1
3756	1	0
3757	0	1
3758	1	0
3759	0	1
3760	0	1
3761	1	0
3762	1	0
3763	1	0
3764	1	0
3765	0	1
3766	1	0
3767	1	0
3768	1	0
3769	1	0
3770	1	0
3771	1	0
3772	0	1
3773	1	0
3774	1	0
3775	1	0
3776	1	0
3777	0	1
3778	1	0
3779	0	1
3780	1	0
3781	0	1
3782	1	0
3783	1	0
3784	0	1
3785	0	1
3786	0	1
3787	1	0
3788	0	1
3789	1	0
3790	0	1
3791	0	1
3792	1	0
3793	0	1
3794	0	1
3795	1	0
3796	1	0
3797	1	0
3798	1	0
3799	0	1
3800	0	1
3801	0	1
3802	1	0
3803	0	1
3804	0	1
3805	1	0
3806	1	0
3807	1	0
3808	0	1
3809	1	0
3810	1	0
3811	1	0
3812	0	1
3813	0	1
3814	1	0
3815	1	0
3816	1	0
3817	1	0
3818	0	1
3819	1	0
3820	0	1
3821	1	0
3822	1	0
3823	1	0
3824	0	1
3825	1	0
3826	0	1
3827	1	0
3828	1	0
3829	1	0
3830	0	1
3831	0	1
3832	1	0
3833	1	0
3834	1	0
3835	1	0
3836	1	0
3837	1	0
3838	0	1
3839	1	0
3840	1	0
3841	0	1
3842	1	0
3843	1	0
3844	1	0
3845	1	0
3846	0	1
3847	1	0
3848	1	0
3849	1	0
3850	0	1
3851	1	0
3852	0	1
3853	1	0
3854	0	1
3855	1	0
3856	1	0
3857	1	0
3858	0	1
3859	0	1
3860	1	0
3861	1	0
3862	1	0
3863	0	1
3864	1	0
3865	1	0
3866	1	0
3867	1	0
3868	1	0
3869	1	0
3870	1	0
3871	1	0
3872	1	0
3873	1	0
3874	0	1
3875	1	0
3876	0	1
3877	1	0
3878	0	1
3879	1	0
3880	1	0
3881	1	0
3882	1	0
3883	1	0
3884	1	0
3885	1	0
3886	1	0
3887	1	0
3888	1	0
3889	0	1
3890	0	1
3891	1	0
3892	1	0
3893	0	1
3894	1	0
3895	0	1
3896	1	0
3897	0	1
3898	1	0
3899	0	1
3900	1	0
3901	1	0
3902	1	0
3903	1	0
3904	0	1
3905	0	1
3906	0	1
3907	1	0
3908	1	0
3909	1	0
3910	0	1
3911	1	0
3912	0	1
3913	1	0
3914	1	0
3915	0	1
3916	1	0
3917	1	0
3918	1	0
3919	1	0
3920	0	1
3921	1	0
3922	1	0
3923	0	1
3924	0	1
3925	0	1
3926	1	0
3927	0	1
3928	0	1
3929	0	1
3930	0	1
3931	1	0
3932	1	0
3933	0	1
3934	0	1
3935	1	0
3936	1	0
3937	0	1
3938	1	0
3939	1	0
3940	0	1
3941	0	1
3942	1	0
3943	1	0
3944	0	1
3945	1	0
3946	0	1
3947	1	0
3948	1	0
3949	1	0
3950	1	0
3951	1	0
3952	1	0
3953	1	0
3954	1	0
3955	1	0
3956	0	1
3957	0	1
3958	0	1
3959	0	1
3960	1	0
3961	1	0
3962	1	0
3963	1	0
3964	0	1
3965	1	0
3966	1	0
3967	0	1
3968	1	0
3969	0	1
3970	0	1
3971	1	0
3972	1	0
3973	1	0
3974	0	1
3975	1	0
3976	0	1
3977	0	1
3978	0	1
3979	1	0
3980	1	0
3981	1	0
3982	1	0
3983	0	1
3984	1	0
3985	1	0
3986	0	1
3987	1	0
3988	1	0
3989	1	0
3990	1	0
3991	0	1
3992	1	0
3993	1	0
3994	0	1
3995	1	0
3996	0	1
3997	0	1
3998	1	0
3999	1	0
4000	1	0
4001	0	1
4002	0	1
4003	1	0
4004	1	0
4005	0	1
4006	1	0
4007	1	0
4008	1	0
4009	1	0
4010	1	0
4011	1	0
4012	1	0
4013	1	0
4014	0	1
4015	1	0
4016	1	0
4017	1	0
4018	1	0
4019	1	0
4020	1	0
4021	1	0
4022	0	1
4023	0	1
4024	1	0
4025	0	1
4026	1	0
4027	1	0
4028	1	0
4029	0	1
4030	1	0
4031	1	0
4032	1	0
4033	1	0
4034	1	0
4035	1	0
4036	0	1
4037	1	0
4038	0	1
4039	0	1
4040	1	0
4041	0	1
4042	1	0
4043	1	0
4044	1	0
4045	0	1
4046	1	0
4047	0	1
4048	1	0
4049	0	1
4050	1	0
4051	1	0
4052	1	0
4053	1	0
4054	1	0
4055	0	1
4056	1	0
4057	1	0
4058	1	0
4059	1	0
4060	1	0
4061	1	0
4062	0	1
4063	1	0
4064	1	0
4065	1	0
4066	1	0
4067	1	0
4068	1	0
4069	1	0
4070	0	1
4071	1	0
4072	0	1
4073	1	0
4074	0	1
4075	1	0
4076	1	0
4077	1	0
4078	0	1
4079	1	0
4080	1	0
4081	0	1
4082	1	0
4083	0	1
4084	0	1
4085	0	1
4086	1	0
4087	1	0
4088	1	0
4089	1	0
4090	1	0
4091	1	0
4092	0	1
4093	1	0
4094	0	1
4095	1	0
4096	0	1
4097	0	1
4098	1	0
4099	0	1
4100	0	1
4101	0	1
4102	1	0
4103	1	0
4104	0	1
4105	1	0
4106	1	0
4107	1	0
4108	0	1
4109	1	0
4110	0	1
4111	1	0
4112	0	1
4113	1	0
4114	1	0
4115	0	1
4116	1	0
4117	1	0
4118	1	0
4119	1	0
4120	0	1
4121	1	0
4122	1	0
4123	0	1
4124	1	0
4125	1	0
4126	0	1
4127	0	1
4128	0	1
4129	0	1
4130	1	0
4131	0	1
4132	1	0
4133	1	0
4134	0	1
4135	1	0
4136	1	0
4137	1	0
4138	1	0
4139	0	1
4140	1	0
4141	0	1
4142	0	1
4143	0	1
4144	0	1
4145	1	0
4146	0	1
4147	1	0
4148	1	0
4149	0	1
4150	0	1
4151	0	1
4152	1	0
4153	1	0
4154	1	0
4155	1	0
4156	0	1
4157	0	1
4158	0	1
4159	1	0
4160	1	0
4161	1	0
4162	0	1
4163	1	0
4164	1	0
4165	0	1
4166	0	1
4167	1	0
4168	0	1
4169	0	1
4170	1	0
4171	0	1
4172	1	0
4173	1	0
4174	0	1
4175	1	0
4176	0	1
4177	1	0
4178	0	1
4179	1	0
4180	0	1
4181	0	1
4182	1	0
4183	1	0
4184	1	0
4185	1	0
4186	0	1
4187	0	1
4188	0	1
4189	0	1
4190	1	0
4191	0	1
4192	1	0
4193	1	0
4194	1	0
4195	0	1
4196	1	0
4197	1	0
4198	1	0
4199	0	1
4200	1	0
4201	1	0
4202	1	0
4203	1	0
4204	1	0
4205	1	0
4206	1	0
4207	1	0
4208	1	0
4209	1	0
4210	1	0
4211	1	0
4212	1	0
4213	1	0
4214	1	0
4215	1	0
4216	1	0
4217	1	0
4218	0	1
4219	0	1
4220	1	0
4221	1	0
4222	1	0
4223	0	1
4224	1	0
4225	0	1
4226	1	0
4227	0	1
4228	0	1
4229	0	1
4230	1	0
4231	1	0
4232	1	0
4233	0	1
4234	0	1
4235	0	1
4236	1	0
4237	0	1
4238	1	0
4239	1	0
4240	1	0
4241	0	1
4242	1	0
4243	0	1
4244	0	1
4245	1	0
4246	1	0
4247	1	0
4248	0	1
4249	0	1
4250	0	1
4251	1	0
4252	0	1
4253	1	0
4254	0	1
4255	1	0
4256	0	1
4257	0	1
4258	1	0
4259	1	0
4260	1	0
4261	0	1
4262	1	0
4263	1	0
4264	1	0
4265	1	0
4266	1	0
4267	1	0
4268	0	1
4269	0	1
4270	1	0
4271	0	1
4272	1	0
4273	1	0
4274	1	0
4275	1	0
4276	1	0
4277	1	0
4278	0	1
4279	1	0
4280	1	0
4281	1	0
4282	0	1
4283	1	0
4284	0	1
4285	0	1
4286	1	0
4287	1	0
4288	0	1
4289	1	0
4290	1	0
4291	1	0
4292	1	0
4293	0	1
4294	1	0
4295	0	1
4296	0	1
4297	1	0
4298	1	0
4299	1	0
4300	1	0
4301	1	0
4302	1	0
4303	1	0
4304	1	0
4305	1	0
4306	0	1
4307	1	0
4308	1	0
4309	0	1
4310	0	1
4311	0	1
4312	1	0
4313	0	1
4314	1	0
4315	0	1
4316	0	1
4317	1	0
4318	1	0
4319	1	0
4320	0	1
4321	1	0
4322	1	0
4323	0	1
4324	0	1
4325	0	1
4326	1	0
4327	1	0
4328	1	0
4329	0	1
4330	0	1
4331	1	0
4332	1	0
4333	0	1
4334	1	0
4335	1	0
4336	0	1
4337	0	1
4338	1	0
4339	0	1
4340	0	1
4341	1	0
4342	0	1
4343	1	0
4344	1	0
4345	1	0
4346	0	1
4347	1	0
4348	1	0
4349	0	1
4350	0	1
4351	1	0
4352	1	0
4353	0	1
4354	0	1
4355	1	0
4356	0	1
4357	0	1
4358	0	1
4359	0	1
4360	1	0
4361	1	0
4362	1	0
4363	0	1
4364	1	0
4365	1	0
4366	1	0
4367	1	0
4368	0	1
4369	0	1
4370	1	0
4371	0	1
4372	1	0
4373	0	1
4374	1	0
4375	0	1
4376	0	1
4377	0	1
4378	1	0
4379	1	0
4380	1	0
4381	0	1
4382	1	0
4383	0	1
4384	0	1
4385	1	0
4386	1	0
4387	0	1
4388	0	1
4389	1	0
4390	0	1
4391	1	0
4392	1	0
4393	0	1
4394	1	0
4395	0	1
4396	0	1
4397	1	0
4398	0	1
4399	0	1
4400	1	0
4401	0	1
4402	1	0
4403	1	0
4404	1	0
4405	1	0
4406	0	1
4407	1	0
4408	1	0
4409	1	0
4410	0	1
4411	1	0
4412	1	0
4413	1	0
4414	1	0
4415	1	0
4416	1	0
4417	1	0
4418	1	0
4419	1	0
4420	1	0
4421	1	0
4422	1	0
4423	1	0
4424	0	1
4425	1	0
4426	1	0
4427	0	1
4428	1	0
4429	1	0
4430	1	0
4431	0	1
4432	1	0
4433	0	1
4434	1	0
4435	0	1
4436	1	0
4437	1	0
4438	0	1
4439	1	0
4440	1	0
4441	1	0
4442	0	1
4443	1	0
4444	1	0
4445	1	0
4446	1	0
4447	1	0
4448	1	0
4449	1	0
4450	0	1
4451	0	1
4452	1	0
4453	1	0
4454	1	0
4455	1	0
4456	0	1
4457	1	0
4458	1	0
4459	0	1
4460	1	0
4461	1	0
4462	0	1
4463	1	0
4464	1	0
4465	1	0
4466	0	1
4467	1	0
4468	1	0
4469	0	1
4470	0	1
4471	1	0
4472	0	1
4473	1	0
4474	0	1
4475	0	1
4476	1	0
4477	0	1
4478	1	0
4479	0	1
4480	0	1
4481	1	0
4482	0	1
4483	0	1
4484	1	0
4485	0	1
4486	0	1
4487	1	0
4488	0	1
4489	1	0
4490	0	1
4491	1	0
4492	1	0
4493	0	1
4494	1	0
4495	0	1
4496	1	0
4497	1	0
4498	0	1
4499	0	1
4500	1	0
4501	0	1
4502	0	1
4503	1	0
4504	1	0
4505	1	0
4506	1	0
4507	0	1
4508	1	0
4509	1	0
4510	1	0
4511	1	0
4512	1	0
4513	1	0
4514	0	1
4515	1	0
4516	0	1
4517	0	1
4518	1	0
4519	0	1
4520	1	0
4521	0	1
4522	1	0
4523	1	0
4524	1	0
4525	1	0
4526	1	0
4527	1	0
4528	0	1
4529	0	1
4530	1	0
4531	0	1
4532	0	1
4533	1	0
4534	0	1
4535	1	0
4536	0	1
4537	0	1
4538	0	1
4539	1	0
4540	1	0
4541	0	1
4542	1	0
4543	1	0
4544	0	1
4545	0	1
4546	0	1
4547	1	0
4548	1	0
4549	0	1
4550	1	0
4551	1	0
4552	1	0
4553	1	0
4554	1	0
4555	1	0
4556	1	0
4557	0	1
4558	0	1
4559	1	0
4560	1	0
4561	1	0
4562	1	0
4563	1	0
4564	1	0
4565	0	1
4566	0	1
4567	1	0
4568	1	0
4569	1	0
4570	1	0
4571	1	0
4572	1	0
4573	1	0
4574	1	0
4575	1	0
4576	1	0
4577	0	1
4578	1	0
4579	0	1
4580	1	0
4581	1	0
4582	1	0
4583	0	1
4584	1	0
4585	1	0
4586	1	0
4587	1	0
4588	1	0
4589	1	0
4590	1	0
4591	1	0
4592	1	0
4593	1	0
4594	1	0
4595	1	0
4596	1	0
4597	0	1
4598	1	0
4599	1	0
4600	1	0
4601	1	0
4602	1	0
4603	1	0
4604	1	0
4605	1	0
4606	1	0
4607	1	0
4608	0	1
4609	0	1
4610	1	0
4611	1	0
4612	1	0
4613	0	1
4614	0	1
4615	1	0
4616	0	1
4617	1	0
4618	0	1
4619	0	1
4620	1	0
4621	0	1
4622	1	0
4623	1	0
4624	1	0
4625	0	1
4626	1	0
4627	1	0
4628	1	0
4629	1	0
4630	0	1
4631	1	0
4632	1	0
4633	1	0
4634	0	1
4635	1	0
4636	1	0
4637	1	0
4638	1	0
4639	1	0
4640	0	1
4641	1	0
4642	1	0
4643	0	1
4644	1	0
4645	1	0
4646	0	1
4647	1	0
4648	1	0
4649	0	1
4650	1	0
4651	1	0
4652	0	1
4653	0	1
4654	0	1
4655	1	0
4656	0	1
4657	0	1
4658	1	0
4659	1	0
4660	0	1
4661	1	0
4662	1	0
4663	1	0
4664	0	1
4665	1	0
4666	1	0
4667	1	0
4668	1	0
4669	0	1
4670	0	1
4671	1	0
4672	0	1
4673	1	0
4674	0	1
4675	1	0
4676	0	1
4677	0	1
4678	1	0
4679	0	1
4680	0	1
4681	1	0
4682	1	0
4683	1	0
4684	0	1
4685	1	0
4686	0	1
4687	1	0
4688	1	0
4689	0	1
4690	1	0
4691	1	0
4692	1	0
4693	1	0
4694	1	0
4695	1	0
4696	1	0
4697	1	0
4698	1	0
4699	1	0
4700	0	1
4701	0	1
4702	0	1
4703	1	0
4704	1	0
4705	0	1
4706	1	0
4707	0	1
4708	1	0
4709	1	0
4710	1	0
4711	1	0
4712	0	1
4713	0	1
4714	1	0
4715	1	0
4716	0	1
4717	1	0
4718	0	1
4719	1	0
4720	0	1
4721	1	0
4722	1	0
4723	1	0
4724	1	0
4725	1	0
4726	1	0
4727	1	0
4728	0	1
4729	1	0
4730	1	0
4731	1	0
4732	1	0
4733	1	0
4734	0	1
4735	0	1
4736	0	1
4737	1	0
4738	0	1
4739	0	1
4740	1	0
4741	1	0
4742	1	0
4743	0	1
4744	1	0
4745	0	1
4746	1	0
4747	1	0
4748	1	0
4749	1	0
4750	1	0
4751	1	0
4752	0	1
4753	1	0
4754	1	0
4755	1	0
4756	1	0
4757	0	1
4758	0	1
4759	0	1
4760	1	0
4761	1	0
4762	1	0
4763	0	1
4764	1	0
4765	1	0
4766	1	0
4767	1	0
4768	1	0
4769	0	1
4770	1	0
4771	1	0
4772	0	1
4773	1	0
4774	1	0
4775	1	0
4776	1	0
4777	1	0
4778	1	0
4779	1	0
4780	1	0
4781	0	1
4782	0	1
4783	1	0
4784	0	1
4785	0	1
4786	1	0
4787	0	1
4788	1	0
4789	1	0
4790	1	0
4791	1	0
4792	1	0
4793	1	0
4794	0	1
4795	1	0
4796	0	1
4797	1	0
4798	1	0
4799	1	0
4800	0	1
4801	0	1
4802	0	1
4803	1	0
4804	1	0
4805	1	0
4806	1	0
4807	1	0
4808	0	1
4809	0	1
4810	1	0
4811	0	1
4812	0	1
4813	1	0
4814	1	0
4815	1	0
4816	0	1
4817	0	1
4818	1	0
4819	0	1
4820	1	0
4821	1	0
4822	0	1
4823	0	1
4824	0	1
4825	0	1
4826	1	0
4827	0	1
4828	0	1
4829	1	0
4830	0	1
4831	0	1
4832	0	1
4833	1	0
4834	0	1
4835	1	0
4836	1	0
4837	1	0
4838	0	1
4839	0	1
4840	0	1
4841	1	0
4842	0	1
4843	1	0
4844	0	1
4845	1	0
4846	1	0
4847	1	0
4848	0	1
4849	1	0
4850	0	1
4851	0	1
4852	1	0
4853	0	1
4854	1	0
4855	1	0
4856	0	1
4857	1	0
4858	1	0
4859	1	0
4860	1	0
4861	0	1
4862	1	0
4863	1	0
4864	1	0
4865	0	1
4866	1	0
4867	0	1
4868	1	0
4869	1	0
4870	0	1
4871	1	0
4872	1	0
4873	1	0
4874	1	0
4875	1	0
4876	0	1
4877	0	1
4878	1	0
4879	1	0
4880	1	0
4881	1	0
4882	1	0
4883	1	0
4884	1	0
4885	1	0
4886	1	0
4887	1	0
4888	1	0
4889	1	0
4890	0	1
4891	1	0
4892	1	0
4893	1	0
4894	1	0
4895	1	0
4896	1	0
4897	1	0
4898	0	1
4899	1	0
4900	0	1
4901	0	1
4902	1	0
4903	0	1
4904	1	0
4905	1	0
4906	1	0
4907	1	0
4908	0	1
4909	1	0
4910	0	1
4911	1	0
4912	1	0
4913	1	0
4914	1	0
4915	0	1
4916	1	0
4917	1	0
4918	1	0
4919	1	0
4920	0	1
4921	0	1
4922	0	1
4923	1	0
4924	1	0
4925	1	0
4926	1	0
4927	1	0
4928	0	1
4929	1	0
4930	1	0
4931	1	0
4932	1	0
4933	1	0
4934	0	1
4935	0	1
4936	0	1
4937	1	0
4938	1	0
4939	1	0
4940	1	0
4941	1	0
4942	1	0
4943	1	0
4944	1	0
4945	1	0
4946	0	1
4947	1	0
4948	1	0
4949	1	0
4950	0	1
4951	1	0
4952	1	0
4953	1	0
4954	1	0
4955	0	1
4956	0	1
4957	0	1
4958	0	1
4959	1	0
4960	1	0
4961	1	0
4962	1	0
4963	1	0
4964	1	0
4965	1	0
4966	1	0
4967	0	1
4968	0	1
4969	0	1
4970	1	0
4971	0	1
4972	1	0
4973	1	0
4974	1	0
4975	1	0
4976	1	0
4977	0	1
4978	1	0
4979	1	0
4980	0	1
4981	0	1
4982	1	0
4983	1	0
4984	0	1
4985	1	0
4986	1	0
4987	1	0
4988	1	0
4989	1	0
4990	0	1
4991	0	1
4992	0	1
4993	1	0
4994	1	0
4995	0	1
4996	1	0
4997	1	0
4998	0	1
4999	0	1
5000	0	1
5001	1	0
5002	1	0
5003	1	0
5004	0	1
5005	1	0
5006	1	0
5007	1	0
5008	1	0
5009	0	1
5010	0	1
5011	1	0
5012	1	0
5013	1	0
5014	1	0
5015	1	0
5016	1	0
5017	1	0
5018	1	0
5019	0	1
5020	1	0
5021	1	0
5022	1	0
5023	0	1
5024	1	0
5025	0	1
5026	1	0
5027	0	1
5028	1	0
5029	1	0
5030	1	0
5031	1	0
5032	0	1
5033	1	0
5034	1	0
5035	1	0
5036	0	1
5037	1	0
5038	0	1
5039	0	1
5040	1	0
5041	0	1
5042	1	0
5043	1	0
5044	1	0
5045	1	0
5046	1	0
5047	1	0
5048	0	1
5049	1	0
5050	1	0
5051	1	0
5052	1	0
5053	1	0
5054	1	0
5055	1	0
5056	1	0
5057	1	0
5058	1	0
5059	0	1
5060	1	0
5061	1	0
5062	0	1
5063	1	0
5064	1	0
5065	1	0
5066	1	0
5067	0	1
5068	1	0
5069	1	0
5070	1	0
5071	0	1
5072	1	0
5073	0	1
5074	1	0
5075	1	0
5076	1	0
5077	1	0
5078	0	1
5079	1	0
5080	1	0
5081	1	0
5082	1	0
5083	1	0
5084	1	0
5085	0	1
5086	0	1
5087	0	1
5088	1	0
5089	0	1
5090	0	1
5091	1	0
5092	1	0
5093	0	1
5094	0	1
5095	1	0
5096	1	0
5097	0	1
5098	1	0
5099	0	1
5100	0	1
5101	1	0
5102	0	1
5103	1	0
5104	0	1
5105	1	0
5106	0	1
5107	0	1
5108	1	0
5109	1	0
5110	0	1
5111	1	0
5112	0	1
5113	0	1
5114	1	0
5115	1	0
5116	1	0
5117	1	0
5118	1	0
5119	1	0
5120	1	0
5121	0	1
5122	1	0
5123	1	0
5124	1	0
5125	1	0
5126	1	0
5127	0	1
5128	1	0
5129	1	0
5130	0	1
5131	1	0
5132	0	1
5133	1	0
5134	0	1
5135	1	0
5136	1	0
5137	1	0
5138	1	0
5139	1	0
5140	1	0
5141	0	1
5142	0	1
5143	0	1
5144	1	0
5145	1	0
5146	1	0
5147	1	0
5148	1	0
5149	1	0
5150	1	0
5151	1	0
5152	0	1
5153	1	0
5154	0	1
5155	1	0
5156	1	0
5157	0	1
5158	0	1
5159	0	1
5160	0	1
5161	1	0
5162	0	1
5163	0	1
5164	1	0
5165	0	1
5166	0	1
5167	1	0
5168	0	1
5169	0	1
5170	1	0
5171	0	1
5172	0	1
5173	0	1
5174	0	1
5175	0	1
5176	0	1
5177	0	1
5178	1	0
5179	0	1
5180	1	0
5181	1	0
5182	1	0
5183	1	0
5184	1	0
5185	1	0
5186	1	0
5187	1	0
5188	0	1
5189	1	0
5190	0	1
5191	0	1
5192	0	1
5193	1	0
5194	0	1
5195	1	0
5196	1	0
5197	1	0
5198	0	1
5199	0	1
5200	0	1
5201	1	0
5202	1	0
5203	1	0
5204	1	0
5205	0	1
5206	1	0
5207	1	0
5208	1	0
5209	0	1
5210	1	0
5211	1	0
5212	0	1
5213	1	0
5214	1	0
5215	0	1
5216	1	0
5217	1	0
5218	0	1
5219	1	0
5220	1	0
5221	1	0
5222	1	0
5223	1	0
5224	0	1
5225	1	0
5226	1	0
5227	1	0
5228	1	0
5229	0	1
5230	0	1
5231	0	1
5232	0	1
5233	1	0
5234	1	0
5235	0	1
5236	1	0
5237	1	0
5238	1	0
5239	1	0
5240	1	0
5241	1	0
5242	1	0
5243	1	0
5244	1	0
5245	0	1
5246	1	0
5247	1	0
5248	1	0
5249	1	0
5250	1	0
5251	0	1
5252	1	0
5253	0	1
5254	1	0
5255	0	1
5256	1	0
5257	1	0
5258	1	0
5259	0	1
5260	1	0
5261	1	0
5262	1	0
5263	0	1
5264	0	1
5265	1	0
5266	1	0
5267	1	0
5268	1	0
5269	0	1
5270	1	0
5271	1	0
5272	1	0
5273	1	0
5274	1	0
5275	1	0
5276	1	0
5277	1	0
5278	1	0
5279	1	0
5280	0	1
5281	1	0
5282	1	0
5283	1	0
5284	1	0
5285	0	1
5286	1	0
5287	1	0
5288	1	0
5289	1	0
5290	1	0
5291	0	1
5292	1	0
5293	0	1
5294	1	0
5295	1	0
5296	1	0
5297	1	0
5298	1	0
5299	0	1
5300	1	0
5301	1	0
5302	1	0
5303	1	0
5304	1	0
5305	1	0
5306	1	0
5307	1	0
5308	1	0
5309	0	1
5310	0	1
5311	1	0
5312	1	0
5313	1	0
5314	1	0
5315	1	0
5316	0	1
5317	1	0
5318	1	0
5319	1	0
5320	1	0
5321	0	1
5322	0	1
5323	0	1
5324	1	0
5325	1	0
5326	1	0
5327	1	0
5328	1	0
5329	0	1
5330	1	0
5331	0	1
5332	1	0
5333	1	0
5334	1	0
5335	1	0
5336	0	1
5337	0	1
5338	1	0
5339	1	0
5340	1	0
5341	1	0
5342	1	0
5343	0	1
5344	0	1
5345	0	1
5346	1	0
5347	1	0
5348	0	1
5349	1	0
5350	0	1
5351	1	0
5352	1	0
5353	0	1
5354	1	0
5355	1	0
5356	0	1
5357	1	0
5358	1	0
5359	0	1
5360	0	1
5361	1	0
5362	0	1
5363	1	0
5364	1	0
5365	0	1
5366	1	0
5367	0	1
5368	1	0
5369	1	0
5370	1	0
5371	1	0
5372	0	1
5373	1	0
5374	1	0
5375	1	0
5376	1	0
5377	0	1
5378	1	0
5379	1	0
5380	1	0
5381	0	1
5382	1	0
5383	1	0
5384	1	0
5385	0	1
5386	1	0
5387	0	1
5388	0	1
5389	1	0
5390	0	1
5391	1	0
5392	1	0
5393	0	1
5394	1	0
5395	1	0
5396	1	0
5397	1	0
5398	1	0
5399	1	0
5400	1	0
5401	1	0
5402	0	1
5403	1	0
5404	0	1
5405	0	1
5406	0	1
5407	1	0
5408	1	0
5409	1	0
5410	0	1
5411	0	1
5412	0	1
5413	1	0
5414	0	1
5415	1	0
5416	1	0
5417	0	1
5418	1	0
5419	1	0
5420	1	0
5421	0	1
5422	1	0
5423	1	0
5424	1	0
5425	1	0
5426	1	0
5427	1	0
5428	0	1
5429	0	1
5430	0	1
5431	0	1
5432	1	0
5433	1	0
5434	1	0
5435	0	1
5436	1	0
5437	1	0
5438	1	0
5439	1	0
5440	0	1
5441	0	1
5442	0	1
5443	1	0
5444	0	1
5445	1	0
5446	0	1
5447	0	1
5448	1	0
5449	1	0
5450	1	0
5451	1	0
5452	1	0
5453	0	1
5454	1	0
5455	0	1
5456	0	1
5457	1	0
5458	1	0
5459	1	0
5460	0	1
5461	1	0
5462	1	0
5463	1	0
5464	0	1
5465	0	1
5466	1	0
5467	0	1
5468	1	0
5469	1	0
5470	0	1
5471	0	1
5472	1	0
5473	1	0
5474	1	0
5475	1	0
5476	1	0
5477	1	0
5478	1	0
5479	1	0
5480	0	1
5481	0	1
5482	1	0
5483	1	0
5484	1	0
5485	0	1
5486	0	1
5487	1	0
5488	1	0
5489	1	0
5490	1	0
5491	1	0
5492	1	0
5493	1	0
5494	0	1
5495	1	0
5496	1	0
5497	1	0
5498	0	1
5499	0	1
5500	1	0
5501	1	0
5502	1	0
5503	1	0
5504	1	0
5505	0	1
5506	0	1
5507	1	0
5508	1	0
5509	1	0
5510	1	0
5511	1	0
5512	1	0
5513	0	1
5514	1	0
5515	0	1
5516	1	0
5517	1	0
5518	0	1
5519	0	1
5520	1	0
5521	0	1
5522	0	1
5523	1	0
5524	0	1
5525	0	1
5526	1	0
5527	1	0
5528	0	1
5529	1	0
5530	1	0
5531	0	1
5532	1	0
5533	0	1
5534	0	1
5535	1	0
5536	1	0
5537	1	0
5538	1	0
5539	1	0
5540	0	1
5541	0	1
5542	1	0
5543	1	0
5544	1	0
5545	1	0
5546	0	1
5547	1	0
5548	1	0
5549	1	0
5550	1	0
5551	1	0
5552	0	1
5553	1	0
5554	0	1
5555	0	1
5556	1	0
5557	1	0
5558	1	0
5559	0	1
5560	1	0
5561	0	1
5562	1	0
5563	1	0
5564	0	1
5565	1	0
5566	1	0
5567	0	1
5568	1	0
5569	0	1
5570	1	0
5571	1	0
5572	1	0
5573	1	0
5574	1	0
5575	1	0
5576	1	0
5577	1	0
5578	1	0
5579	0	1
5580	1	0
5581	1	0
5582	0	1
5583	1	0
5584	1	0
5585	0	1
5586	0	1
5587	1	0
5588	1	0
5589	1	0
5590	1	0
5591	0	1
5592	0	1
5593	0	1
5594	1	0
5595	1	0
5596	0	1
5597	1	0
5598	1	0
5599	0	1
5600	0	1
5601	1	0
5602	1	0
5603	1	0
5604	1	0
5605	1	0
5606	1	0
5607	0	1
5608	1	0
5609	0	1
5610	0	1
5611	0	1
5612	1	0
5613	0	1
5614	1	0
5615	0	1
5616	0	1
5617	0	1
5618	1	0
5619	1	0
5620	1	0
5621	1	0
5622	0	1
5623	1	0
5624	0	1
5625	1	0
5626	1	0
5627	1	0
5628	1	0
5629	0	1
5630	1	0
5631	1	0
5632	0	1
5633	0	1
5634	1	0
5635	1	0
5636	1	0
5637	1	0
5638	1	0
5639	0	1
5640	0	1
5641	1	0
5642	1	0
5643	1	0
5644	1	0
5645	1	0
5646	1	0
5647	0	1
5648	1	0
5649	1	0
5650	1	0
5651	1	0
5652	0	1
5653	1	0
5654	0	1
5655	0	1
5656	0	1
5657	0	1
5658	1	0
5659	1	0
5660	1	0
5661	1	0
5662	0	1
5663	0	1
5664	0	1
5665	0	1
5666	0	1
5667	1	0
5668	1	0
5669	1	0
5670	0	1
5671	0	1
5672	0	1
5673	0	1
5674	0	1
5675	1	0
5676	0	1
5677	1	0
5678	0	1
5679	1	0
5680	1	0
5681	1	0
5682	0	1
5683	1	0
5684	0	1
5685	1	0
5686	0	1
5687	0	1
5688	1	0
5689	0	1
5690	1	0
5691	1	0
5692	1	0
5693	1	0
5694	1	0
5695	1	0
5696	1	0
5697	1	0
5698	1	0
5699	0	1
5700	0	1
5701	1	0
5702	1	0
5703	1	0
5704	1	0
5705	0	1
5706	1	0
5707	1	0
5708	1	0
5709	0	1
5710	0	1
5711	1	0
5712	1	0
5713	1	0
5714	1	0
5715	1	0
5716	0	1
5717	1	0
5718	0	1
5719	1	0
5720	0	1
5721	1	0
5722	1	0
5723	1	0
5724	1	0
5725	1	0
5726	1	0
5727	0	1
5728	0	1
5729	0	1
5730	1	0
5731	1	0
5732	1	0
5733	1	0
5734	0	1
5735	0	1
5736	0	1
5737	1	0
5738	1	0
5739	0	1
5740	1	0
5741	0	1
5742	1	0
5743	0	1
5744	1	0
5745	1	0
5746	1	0
5747	1	0
5748	0	1
5749	1	0
5750	1	0
5751	1	0
5752	0	1
5753	0	1
5754	1	0
5755	0	1
5756	1	0
5757	1	0
5758	0	1
5759	1	0
5760	1	0
5761	0	1
5762	1	0
5763	0	1
5764	1	0
5765	0	1
5766	0	1
5767	1	0
5768	1	0
5769	0	1
5770	1	0
5771	1	0
5772	1	0
5773	0	1
5774	1	0
5775	1	0
5776	1	0
5777	1	0
5778	1	0
5779	0	1
5780	1	0
5781	1	0
5782	1	0
5783	1	0
5784	1	0
5785	0	1
5786	1	0
5787	1	0
5788	1	0
5789	1	0
5790	1	0
5791	1	0
5792	0	1
5793	1	0
5794	0	1
5795	1	0
5796	0	1
5797	1	0
5798	1	0
5799	0	1
5800	1	0
5801	0	1
5802	1	0
5803	0	1
5804	0	1
5805	0	1
5806	1	0
5807	0	1
5808	1	0
5809	0	1
5810	1	0
5811	1	0
5812	1	0
5813	1	0
5814	0	1
5815	1	0
5816	1	0
5817	1	0
5818	1	0
5819	1	0
5820	0	1
5821	1	0
5822	1	0
5823	0	1
5824	1	0
5825	0	1
5826	1	0
5827	1	0
5828	1	0
5829	0	1
5830	1	0
5831	0	1
5832	0	1
5833	0	1
5834	1	0
5835	0	1
5836	1	0
5837	1	0
5838	0	1
5839	0	1
5840	0	1
5841	1	0
5842	1	0
5843	0	1
5844	1	0
5845	1	0
5846	1	0
5847	0	1
5848	1	0
5849	1	0
5850	1	0
5851	1	0
5852	1	0
5853	1	0
5854	0	1
5855	1	0
5856	1	0
5857	1	0
5858	1	0
5859	1	0
5860	1	0
5861	1	0
5862	1	0
5863	0	1
5864	0	1
5865	1	0
5866	0	1
5867	0	1
5868	0	1
5869	0	1
5870	0	1
5871	1	0
5872	0	1
5873	1	0
5874	1	0
5875	1	0
5876	1	0
5877	1	0
5878	0	1
5879	0	1
5880	1	0
5881	1	0
5882	1	0
5883	0	1
5884	1	0
5885	1	0
5886	1	0
5887	0	1
5888	1	0
5889	1	0
5890	1	0
5891	1	0
5892	0	1
5893	0	1
5894	1	0
5895	0	1
5896	1	0
5897	1	0
5898	1	0
5899	0	1
5900	1	0
5901	1	0
5902	0	1
5903	1	0
5904	1	0
5905	0	1
5906	0	1
5907	1	0
5908	1	0
5909	1	0
5910	1	0
5911	1	0
5912	1	0
5913	1	0
5914	1	0
5915	1	0
5916	1	0
5917	0	1
5918	0	1
5919	1	0
5920	1	0
5921	1	0
5922	1	0
5923	1	0
5924	0	1
5925	1	0
5926	1	0
5927	0	1
5928	0	1
5929	0	1
5930	1	0
5931	1	0
5932	1	0
5933	1	0
5934	0	1
5935	1	0
5936	1	0
5937	1	0
5938	1	0
5939	1	0
5940	1	0
5941	1	0
5942	0	1
5943	1	0
5944	1	0
5945	0	1
5946	1	0
5947	0	1
5948	0	1
5949	0	1
5950	0	1
5951	0	1
5952	0	1
5953	1	0
5954	1	0
5955	0	1
5956	1	0
5957	1	0
5958	1	0
5959	1	0
5960	1	0
5961	1	0
5962	1	0
5963	1	0
5964	1	0
5965	1	0
5966	1	0
5967	1	0
5968	1	0
5969	1	0
5970	1	0
5971	1	0
5972	1	0
5973	1	0
5974	1	0
5975	1	0
5976	0	1
5977	0	1
5978	0	1
5979	1	0
5980	1	0
5981	0	1
5982	1	0
5983	1	0
5984	0	1
5985	0	1
5986	0	1
5987	1	0
5988	1	0
5989	1	0
5990	1	0
5991	0	1
5992	0	1
5993	1	0
5994	1	0
5995	0	1
5996	1	0
5997	1	0
5998	1	0
5999	1	0
6000	0	1
6001	0	1
6002	1	0
6003	1	0
6004	0	1
6005	1	0
6006	1	0
6007	0	1
6008	0	1
6009	1	0
6010	0	1
6011	1	0
6012	0	1
6013	0	1
6014	0	1
6015	1	0
6016	1	0
6017	1	0
6018	0	1
6019	0	1
6020	1	0
6021	0	1
6022	1	0
6023	0	1
6024	1	0
6025	1	0
6026	1	0
6027	1	0
6028	1	0
6029	1	0
6030	0	1
6031	0	1
6032	1	0
6033	1	0
6034	1	0
6035	1	0
6036	1	0
6037	1	0
6038	1	0
6039	1	0
6040	1	0
6041	1	0
6042	1	0
6043	1	0
6044	1	0
6045	0	1
6046	1	0
6047	1	0
6048	1	0
6049	0	1
6050	1	0
6051	1	0
6052	0	1
6053	1	0
6054	1	0
6055	1	0
6056	1	0
6057	1	0
6058	0	1
6059	1	0
6060	0	1
6061	1	0
6062	0	1
6063	0	1
6064	1	0
6065	1	0
6066	1	0
6067	1	0
6068	1	0
6069	1	0
6070	0	1
6071	1	0
6072	1	0
6073	0	1
6074	0	1
6075	0	1
6076	0	1
6077	1	0
6078	0	1
6079	1	0
6080	1	0
6081	1	0
6082	1	0
6083	1	0
6084	0	1
6085	0	1
6086	1	0
6087	1	0
6088	0	1
6089	1	0
6090	1	0
6091	1	0
6092	0	1
6093	1	0
6094	0	1
6095	1	0
6096	1	0
6097	1	0
6098	1	0
6099	0	1
6100	0	1
6101	0	1
6102	1	0
6103	1	0
6104	0	1
6105	0	1
6106	1	0
6107	1	0
6108	1	0
6109	1	0
6110	1	0
6111	1	0
6112	1	0
6113	1	0
6114	1	0
6115	0	1
6116	0	1
6117	1	0
6118	1	0
6119	1	0
6120	1	0
6121	1	0
6122	1	0
6123	1	0
6124	1	0
6125	0	1
6126	1	0
6127	1	0
6128	1	0
6129	1	0
6130	1	0
6131	0	1
6132	1	0
6133	1	0
6134	0	1
6135	0	1
6136	0	1
6137	1	0
6138	1	0
6139	1	0
6140	1	0
6141	1	0
6142	1	0
6143	0	1
6144	1	0
6145	0	1
6146	0	1
6147	1	0
6148	0	1
6149	1	0
6150	0	1
6151	1	0
6152	1	0
6153	1	0
6154	1	0
6155	1	0
6156	1	0
6157	0	1
6158	1	0
6159	1	0
6160	1	0
6161	0	1
6162	0	1
6163	1	0
6164	0	1
6165	0	1
6166	0	1
6167	1	0
6168	1	0
6169	1	0
6170	1	0
6171	0	1
6172	1	0
6173	1	0
6174	0	1
6175	0	1
6176	1	0
6177	1	0
6178	1	0
6179	1	0
6180	1	0
6181	1	0
6182	0	1
6183	1	0
6184	0	1
6185	0	1
6186	0	1
6187	1	0
6188	0	1
6189	1	0
6190	0	1
6191	1	0
6192	0	1
6193	1	0
6194	0	1
6195	1	0
6196	1	0
6197	0	1
6198	1	0
6199	1	0
6200	1	0
6201	1	0
6202	1	0
6203	1	0
6204	0	1
6205	0	1
6206	0	1
6207	1	0
6208	0	1
6209	1	0
6210	1	0
6211	0	1
6212	1	0
6213	0	1
6214	1	0
6215	1	0
6216	1	0
6217	1	0
6218	0	1
6219	1	0
6220	0	1
6221	0	1
6222	0	1
6223	1	0
6224	1	0
6225	1	0
6226	1	0
6227	1	0
6228	1	0
6229	1	0
6230	1	0
6231	1	0
6232	0	1
6233	0	1
6234	0	1
6235	1	0
6236	1	0
6237	0	1
6238	0	1
6239	1	0
6240	1	0
6241	1	0
6242	1	0
6243	0	1
6244	0	1
6245	0	1
6246	0	1
6247	1	0
6248	0	1
6249	0	1
6250	1	0
6251	1	0
6252	0	1
6253	0	1
6254	1	0
6255	0	1
6256	1	0
6257	1	0
6258	1	0
6259	1	0
6260	0	1
6261	1	0
6262	1	0
6263	1	0
6264	1	0
6265	1	0
6266	0	1
6267	0	1
6268	1	0
6269	1	0
6270	1	0
6271	0	1
6272	1	0
6273	0	1
6274	0	1
6275	0	1
6276	0	1
6277	1	0
6278	0	1
6279	1	0
6280	1	0
6281	0	1
6282	0	1
6283	1	0
6284	1	0
6285	1	0
6286	1	0
6287	1	0
6288	0	1
6289	1	0
6290	0	1
6291	1	0
6292	0	1
6293	1	0
6294	1	0
6295	0	1
6296	0	1
6297	1	0
6298	1	0
6299	0	1
6300	0	1
6301	1	0
6302	1	0
6303	1	0
6304	1	0
6305	1	0
6306	1	0
6307	0	1
6308	0	1
6309	1	0
6310	1	0
6311	1	0
6312	0	1
6313	1	0
6314	1	0
6315	1	0
6316	1	0
6317	0	1
6318	1	0
6319	1	0
6320	1	0
6321	1	0
6322	1	0
6323	1	0
6324	0	1
6325	0	1
6326	1	0
6327	1	0
6328	1	0
6329	0	1
6330	1	0
6331	1	0
6332	1	0
6333	0	1
6334	1	0
6335	0	1
6336	1	0
6337	1	0
6338	0	1
6339	1	0
6340	0	1
6341	1	0
6342	1	0
6343	1	0
6344	0	1
6345	1	0
6346	1	0
6347	1	0
6348	1	0
6349	0	1
6350	1	0
6351	1	0
6352	1	0
6353	1	0
6354	1	0
6355	1	0
6356	0	1
6357	0	1
6358	1	0
6359	1	0
6360	0	1
6361	1	0
6362	1	0
6363	1	0
6364	1	0
6365	1	0
6366	0	1
6367	0	1
6368	1	0
6369	0	1
6370	1	0
6371	1	0
6372	1	0
6373	1	0
6374	0	1
6375	0	1
6376	1	0
6377	1	0
6378	1	0
6379	1	0
6380	0	1
6381	1	0
6382	1	0
6383	1	0
6384	1	0
6385	1	0
6386	0	1
6387	0	1
6388	0	1
6389	1	0
6390	1	0
6391	0	1
6392	1	0
6393	0	1
6394	0	1
6395	1	0
6396	0	1
6397	1	0
6398	1	0
6399	1	0
6400	1	0
6401	0	1
6402	0	1
6403	0	1
6404	1	0
6405	1	0
6406	1	0
6407	0	1
6408	1	0
6409	0	1
6410	0	1
6411	0	1
6412	0	1
6413	1	0
6414	1	0
6415	1	0
6416	0	1
6417	1	0
6418	1	0
6419	1	0
6420	1	0
6421	1	0
6422	1	0
6423	1	0
6424	1	0
6425	0	1
6426	1	0
6427	0	1
6428	0	1
6429	1	0
6430	0	1
6431	1	0
6432	1	0
6433	1	0
6434	1	0
6435	1	0
6436	0	1
6437	1	0
6438	1	0
6439	1	0
6440	0	1
6441	0	1
6442	1	0
6443	1	0
6444	1	0
6445	1	0
6446	1	0
6447	0	1
6448	1	0
6449	1	0
6450	1	0
6451	0	1
6452	1	0
6453	1	0
6454	1	0
6455	1	0
6456	0	1
6457	0	1
6458	1	0
6459	0	1
6460	1	0
6461	1	0
6462	0	1
6463	1	0
6464	1	0
6465	0	1
6466	0	1
6467	0	1
6468	0	1
6469	1	0
6470	1	0
6471	1	0
6472	0	1
6473	0	1
6474	0	1
6475	1	0
6476	0	1
6477	0	1
6478	0	1
6479	1	0
6480	1	0
6481	1	0
6482	1	0
6483	1	0
6484	1	0
6485	1	0
6486	1	0
6487	1	0
6488	0	1
6489	1	0
6490	1	0
6491	1	0
6492	0	1
6493	0	1
6494	1	0
6495	0	1
6496	1	0
6497	0	1
6498	1	0
6499	0	1
6500	1	0
6501	0	1
6502	1	0
6503	1	0
6504	1	0
6505	0	1
6506	1	0
6507	1	0
6508	0	1
6509	0	1
6510	1	0
6511	0	1
6512	1	0
6513	1	0
6514	0	1
6515	0	1
6516	0	1
6517	0	1
6518	1	0
6519	0	1
6520	1	0
6521	0	1
6522	1	0
6523	0	1
6524	1	0
6525	1	0
6526	0	1
6527	0	1
6528	1	0
6529	0	1
6530	0	1
6531	0	1
6532	0	1
6533	0	1
6534	1	0
6535	1	0
6536	1	0
6537	1	0
6538	1	0
6539	0	1
6540	1	0
6541	0	1
6542	1	0
6543	1	0
6544	1	0
6545	1	0
6546	1	0
6547	1	0
6548	1	0
6549	1	0
6550	1	0
6551	1	0
6552	0	1
6553	1	0
6554	0	1
6555	1	0
6556	0	1
6557	0	1
6558	1	0
6559	0	1
6560	0	1
6561	1	0
6562	0	1
6563	1	0
6564	1	0
6565	1	0
6566	1	0
6567	0	1
6568	1	0
6569	1	0
6570	1	0
6571	0	1
6572	0	1
6573	1	0
6574	1	0
6575	1	0
6576	1	0
6577	0	1
6578	0	1
6579	1	0
6580	1	0
6581	1	0
6582	1	0
6583	1	0
6584	0	1
6585	0	1
6586	1	0
6587	0	1
6588	1	0
6589	1	0
6590	0	1
6591	1	0
6592	1	0
6593	0	1
6594	0	1
6595	0	1
6596	1	0
6597	0	1
6598	0	1
6599	0	1
6600	0	1
6601	0	1
6602	1	0
6603	0	1
6604	1	0
6605	1	0
6606	1	0
6607	1	0
6608	0	1
6609	0	1
6610	1	0
6611	1	0
6612	1	0
6613	1	0
6614	1	0
6615	0	1
6616	1	0
6617	1	0
6618	1	0
6619	1	0
6620	1	0
6621	1	0
6622	0	1
6623	1	0
6624	1	0
6625	1	0
6626	0	1
6627	0	1
6628	1	0
6629	0	1
6630	0	1
6631	1	0
6632	1	0
6633	1	0
6634	0	1
6635	1	0
6636	0	1
6637	1	0
6638	1	0
6639	1	0
6640	1	0
6641	0	1
6642	0	1
6643	0	1
6644	1	0
6645	1	0
6646	0	1
6647	1	0
6648	0	1
6649	1	0
6650	0	1
6651	1	0
6652	0	1
6653	1	0
6654	1	0
6655	1	0
6656	0	1
6657	1	0
6658	1	0
6659	0	1
6660	1	0
6661	1	0
6662	1	0
6663	1	0
6664	0	1
6665	0	1
6666	1	0
6667	1	0
6668	0	1
6669	1	0
6670	1	0
6671	1	0
6672	0	1
6673	0	1
6674	0	1
6675	0	1
6676	1	0
6677	1	0
6678	0	1
6679	1	0
6680	1	0
6681	1	0
6682	1	0
6683	0	1
6684	1	0
6685	1	0
6686	0	1
6687	1	0
6688	1	0
6689	1	0
6690	1	0
6691	0	1
6692	0	1
6693	0	1
6694	1	0
6695	1	0
6696	0	1
6697	1	0
6698	1	0
6699	1	0
6700	1	0
6701	1	0
6702	1	0
6703	1	0
6704	0	1
6705	0	1
6706	1	0
6707	1	0
6708	0	1
6709	0	1
6710	1	0
6711	0	1
6712	0	1
6713	1	0
6714	0	1
6715	1	0
6716	0	1
6717	1	0
6718	1	0
6719	0	1
6720	1	0
6721	1	0
6722	0	1
6723	1	0
6724	1	0
6725	1	0
6726	0	1
6727	1	0
6728	0	1
6729	1	0
6730	1	0
6731	0	1
6732	1	0
6733	0	1
6734	0	1
6735	1	0
6736	1	0
6737	1	0
6738	1	0
6739	1	0
6740	0	1
6741	1	0
6742	0	1
6743	1	0
6744	1	0
6745	0	1
6746	0	1
6747	1	0
6748	1	0
6749	1	0
6750	0	1
6751	0	1
6752	1	0
6753	0	1
6754	0	1
6755	1	0
6756	1	0
6757	0	1
6758	0	1
6759	0	1
6760	1	0
6761	1	0
6762	1	0
6763	1	0
6764	1	0
6765	1	0
6766	1	0
6767	1	0
6768	1	0
6769	1	0
6770	0	1
6771	1	0
6772	0	1
6773	1	0
6774	1	0
6775	1	0
6776	0	1
6777	0	1
6778	1	0
6779	1	0
6780	1	0
6781	1	0
6782	1	0
6783	1	0
6784	1	0
6785	1	0
6786	0	1
6787	1	0
6788	1	0
6789	0	1
6790	1	0
6791	1	0
6792	0	1
6793	0	1
6794	1	0
6795	0	1
6796	0	1
6797	1	0
6798	1	0
6799	1	0
6800	0	1
6801	1	0
6802	1	0
6803	1	0
6804	1	0
6805	1	0
6806	1	0
6807	0	1
6808	1	0
6809	1	0
6810	1	0
6811	1	0
6812	0	1
6813	0	1
6814	0	1
6815	0	1
6816	1	0
6817	1	0
6818	0	1
6819	1	0
6820	1	0
6821	1	0
6822	1	0
6823	1	0
6824	1	0
6825	1	0
6826	1	0
6827	1	0
6828	1	0
6829	1	0
6830	0	1
6831	0	1
6832	0	1
6833	1	0
6834	1	0
6835	1	0
6836	1	0
6837	1	0
6838	0	1
6839	1	0
6840	1	0
6841	0	1
6842	0	1
6843	1	0
6844	0	1
6845	1	0
6846	0	1
6847	1	0
6848	1	0
6849	0	1
6850	1	0
6851	1	0
6852	1	0
6853	1	0
6854	1	0
6855	1	0
6856	1	0
6857	0	1
6858	0	1
6859	1	0
6860	0	1
6861	1	0
6862	0	1
6863	1	0
6864	0	1
6865	1	0
6866	0	1
6867	0	1
6868	0	1
6869	1	0
6870	1	0
6871	1	0
6872	0	1
6873	1	0
6874	0	1
6875	1	0
6876	0	1
6877	0	1
6878	0	1
6879	0	1
6880	1	0
6881	0	1
6882	1	0
6883	0	1
6884	1	0
6885	0	1
6886	0	1
6887	0	1
6888	0	1
6889	1	0
6890	0	1
6891	1	0
6892	1	0
6893	1	0
6894	1	0
6895	1	0
6896	1	0
6897	0	1
6898	1	0
6899	1	0
6900	0	1
6901	1	0
6902	1	0
6903	1	0
6904	1	0
6905	0	1
6906	1	0
6907	0	1
6908	0	1
6909	0	1
6910	0	1
6911	0	1
6912	1	0
6913	1	0
6914	0	1
6915	1	0
6916	1	0
6917	1	0
6918	0	1
6919	1	0
6920	1	0
6921	1	0
6922	0	1
6923	0	1
6924	1	0
6925	1	0
6926	1	0
6927	1	0
6928	1	0
6929	1	0
6930	1	0
6931	1	0
6932	0	1
6933	1	0
6934	1	0
6935	0	1
6936	0	1
6937	0	1
6938	1	0
6939	0	1
6940	0	1
6941	0	1
6942	1	0
6943	0	1
6944	1	0
6945	1	0
6946	0	1
6947	1	0
6948	1	0
6949	1	0
6950	1	0
6951	1	0
6952	1	0
6953	1	0
6954	0	1
6955	1	0
6956	0	1
6957	1	0
6958	1	0
6959	0	1
6960	1	0
6961	0	1
6962	0	1
6963	1	0
6964	0	1
6965	1	0
6966	1	0
6967	0	1
6968	1	0
6969	0	1
6970	0	1
6971	1	0
6972	0	1
6973	0	1
6974	1	0
6975	1	0
6976	0	1
6977	1	0
6978	1	0
6979	1	0
6980	0	1
6981	1	0
6982	1	0
6983	0	1
6984	0	1
6985	1	0
6986	0	1
6987	1	0
6988	1	0
6989	0	1
6990	1	0
6991	0	1
6992	1	0
6993	1	0
6994	1	0
6995	0	1
6996	1	0
6997	1	0
6998	0	1
6999	1	0
7000	0	1
7001	1	0
7002	1	0
7003	1	0
7004	0	1
7005	0	1
7006	0	1
7007	1	0
7008	1	0
7009	0	1
7010	0	1
7011	1	0
7012	1	0
7013	1	0
7014	1	0
7015	1	0
7016	1	0
7017	1	0
7018	1	0
7019	1	0
7020	1	0
7021	1	0
7022	1	0
7023	0	1
7024	0	1
7025	1	0
7026	1	0
7027	1	0
7028	1	0
7029	1	0
7030	0	1
7031	0	1
7032	0	1
7033	1	0
7034	0	1
7035	0	1
7036	1	0
7037	0	1
7038	0	1
7039	0	1
7040	1	0
7041	1	0
7042	0	1
7043	0	1
7044	1	0
7045	1	0
7046	0	1
7047	1	0
7048	1	0
7049	1	0
7050	0	1
7051	0	1
7052	1	0
7053	0	1
7054	1	0
7055	1	0
7056	0	1
7057	1	0
7058	1	0
7059	0	1
7060	1	0
7061	1	0
7062	1	0
7063	0	1
7064	1	0
7065	0	1
7066	0	1
7067	1	0
7068	1	0
7069	1	0
7070	1	0
7071	1	0
7072	1	0
7073	1	0
7074	1	0
7075	1	0
7076	1	0
7077	1	0
7078	0	1
7079	1	0
7080	0	1
7081	1	0
7082	1	0
7083	0	1
7084	1	0
7085	0	1
7086	0	1
7087	1	0
7088	0	1
7089	1	0
7090	1	0
7091	1	0
7092	0	1
7093	1	0
7094	0	1
7095	1	0
7096	1	0
7097	1	0
7098	1	0
7099	0	1
7100	0	1
7101	1	0
7102	1	0
7103	1	0
7104	1	0
7105	0	1
7106	0	1
7107	0	1
7108	1	0
7109	0	1
7110	1	0
7111	1	0
7112	1	0
7113	0	1
7114	0	1
7115	0	1
7116	1	0
7117	0	1
7118	1	0
7119	1	0
7120	1	0
7121	0	1
7122	1	0
7123	1	0
7124	0	1
7125	1	0
7126	1	0
7127	1	0
7128	0	1
7129	0	1
7130	0	1
7131	1	0
7132	1	0
7133	0	1
7134	1	0
7135	1	0
7136	1	0
7137	1	0
7138	0	1
7139	1	0
7140	0	1
7141	0	1
7142	0	1
7143	0	1
7144	0	1
7145	1	0
7146	1	0
7147	1	0
7148	1	0
7149	1	0
7150	1	0
7151	0	1
7152	0	1
7153	1	0
7154	0	1
7155	1	0
7156	1	0
7157	0	1
7158	1	0
7159	1	0
7160	0	1
7161	0	1
7162	0	1
7163	0	1
7164	0	1
7165	0	1
7166	1	0
7167	0	1
7168	1	0
7169	1	0
7170	1	0
7171	0	1
7172	0	1
7173	1	0
7174	1	0
7175	1	0
7176	1	0
7177	1	0
7178	0	1
7179	0	1
7180	1	0
7181	0	1
7182	1	0
7183	0	1
7184	1	0
7185	0	1
7186	1	0
7187	0	1
7188	1	0
7189	1	0
7190	1	0
7191	1	0
7192	1	0
7193	1	0
7194	0	1
7195	1	0
7196	1	0
7197	1	0
7198	0	1
7199	0	1
7200	1	0
7201	1	0
7202	1	0
7203	1	0
7204	1	0
7205	1	0
7206	1	0
7207	0	1
7208	0	1
7209	1	0
7210	1	0
7211	1	0
7212	1	0
7213	1	0
7214	1	0
7215	1	0
7216	1	0
7217	0	1
7218	1	0
7219	0	1
7220	0	1
7221	0	1
7222	1	0
7223	1	0
7224	1	0
7225	1	0
7226	0	1
7227	1	0
7228	1	0
7229	1	0
7230	1	0
7231	1	0
7232	1	0
7233	1	0
7234	1	0
7235	0	1
7236	0	1
7237	0	1
7238	1	0
7239	0	1
7240	0	1
7241	0	1
7242	1	0
7243	1	0
7244	1	0
7245	1	0
7246	1	0
7247	0	1
7248	0	1
7249	1	0
7250	1	0
7251	0	1
7252	0	1
7253	1	0
7254	0	1
7255	1	0
7256	1	0
7257	1	0
7258	1	0
7259	1	0
7260	0	1
7261	0	1
7262	0	1
7263	1	0
7264	0	1
7265	1	0
7266	0	1
7267	1	0
7268	0	1
7269	0	1
7270	0	1
7271	1	0
7272	1	0
7273	1	0
7274	0	1
7275	1	0
7276	1	0
7277	1	0
7278	0	1
7279	0	1
7280	0	1
7281	0	1
7282	1	0
7283	1	0
7284	0	1
7285	0	1
7286	1	0
7287	1	0
7288	1	0
7289	1	0
7290	1	0
7291	0	1
7292	0	1
7293	1	0
7294	1	0
7295	1	0
7296	1	0
7297	1	0
7298	0	1
7299	0	1
7300	0	1
7301	1	0
7302	1	0
7303	1	0
7304	0	1
7305	0	1
7306	1	0
7307	1	0
7308	1	0
7309	1	0
7310	1	0
7311	1	0
7312	1	0
7313	1	0
7314	1	0
7315	1	0
7316	1	0
7317	1	0
7318	0	1
7319	1	0
7320	1	0
7321	1	0
7322	0	1
7323	1	0
7324	1	0
7325	1	0
7326	1	0
7327	1	0
7328	1	0
7329	1	0
7330	0	1
7331	1	0
7332	1	0
7333	1	0
7334	1	0
7335	0	1
7336	1	0
7337	1	0
7338	1	0
7339	0	1
7340	1	0
7341	0	1
7342	1	0
7343	1	0
7344	1	0
7345	1	0
7346	0	1
7347	1	0
7348	0	1
7349	1	0
7350	1	0
7351	0	1
7352	1	0
7353	0	1
7354	0	1
7355	0	1
7356	0	1
7357	1	0
7358	0	1
7359	0	1
7360	0	1
7361	1	0
7362	0	1
7363	0	1
7364	0	1
7365	0	1
7366	1	0
7367	0	1
7368	0	1
7369	0	1
7370	1	0
7371	1	0
7372	1	0
7373	1	0
7374	1	0
7375	0	1
7376	1	0
7377	1	0
7378	1	0
7379	1	0
7380	1	0
7381	0	1
7382	0	1
7383	0	1
7384	0	1
7385	1	0
7386	1	0
7387	1	0
7388	1	0
7389	0	1
7390	0	1
7391	1	0
7392	0	1
7393	1	0
7394	0	1
7395	1	0
7396	0	1
7397	1	0
7398	0	1
7399	1	0
7400	0	1
7401	0	1
7402	0	1
7403	1	0
7404	1	0
7405	1	0
7406	1	0
7407	0	1
7408	1	0
7409	1	0
7410	1	0
7411	0	1
7412	1	0
7413	1	0
7414	1	0
7415	0	1
7416	1	0
7417	1	0
7418	1	0
7419	0	1
7420	1	0
7421	1	0
7422	1	0
7423	1	0
7424	1	0
7425	1	0
7426	0	1
7427	1	0
7428	1	0
7429	1	0
7430	0	1
7431	1	0
7432	1	0
7433	1	0
7434	1	0
7435	0	1
7436	0	1
7437	1	0
7438	1	0
7439	1	0
7440	1	0
7441	1	0
7442	1	0
7443	1	0
7444	1	0
7445	1	0
7446	1	0
7447	1	0
7448	1	0
7449	1	0
7450	0	1
7451	0	1
7452	1	0
7453	1	0
7454	1	0
7455	1	0
7456	1	0
7457	0	1
7458	0	1
7459	1	0
7460	1	0
7461	1	0
7462	1	0
7463	1	0
7464	0	1
7465	0	1
7466	1	0
7467	1	0
7468	1	0
7469	0	1
7470	0	1
7471	1	0
7472	0	1
7473	1	0
7474	1	0
7475	0	1
7476	0	1
7477	1	0
7478	0	1
7479	1	0
7480	0	1
7481	1	0
7482	1	0
7483	0	1
7484	1	0
7485	1	0
7486	0	1
7487	1	0
7488	1	0
7489	1	0
7490	0	1
7491	0	1
7492	1	0
7493	1	0
7494	0	1
7495	1	0
7496	1	0
7497	1	0
7498	1	0
7499	1	0
7500	0	1
7501	1	0
7502	1	0
7503	1	0
7504	1	0
7505	1	0
7506	1	0
7507	1	0
7508	0	1
7509	1	0
7510	0	1
7511	1	0
7512	1	0
7513	1	0
7514	0	1
7515	1	0
7516	1	0
7517	1	0
7518	1	0
7519	0	1
7520	1	0
7521	1	0
7522	0	1
7523	1	0
7524	0	1
7525	1	0
7526	1	0
7527	0	1
7528	1	0
7529	1	0
7530	1	0
7531	1	0
7532	1	0
7533	1	0
7534	1	0
7535	1	0
7536	0	1
7537	1	0
7538	0	1
7539	1	0
7540	1	0
7541	0	1
7542	1	0
7543	1	0
7544	0	1
7545	1	0
7546	0	1
7547	0	1
7548	1	0
7549	1	0
7550	1	0
7551	1	0
7552	1	0
7553	1	0
7554	0	1
7555	0	1
7556	1	0
7557	0	1
7558	0	1
7559	1	0
7560	0	1
7561	1	0
7562	1	0
7563	1	0
7564	0	1
7565	0	1
7566	1	0
7567	0	1
7568	0	1
7569	1	0
7570	0	1
7571	0	1
7572	1	0
7573	1	0
7574	1	0
7575	1	0
7576	0	1
7577	1	0
7578	0	1
7579	0	1
7580	1	0
7581	1	0
7582	0	1
7583	1	0
7584	1	0
7585	0	1
7586	1	0
7587	0	1
7588	0	1
7589	1	0
7590	1	0
7591	0	1
7592	0	1
7593	1	0
7594	1	0
7595	1	0
7596	1	0
7597	1	0
7598	0	1
7599	1	0
7600	1	0
7601	1	0
7602	0	1
7603	1	0
7604	0	1
7605	0	1
7606	1	0
7607	1	0
7608	1	0
7609	1	0
7610	1	0
7611	1	0
7612	0	1
7613	1	0
7614	0	1
7615	0	1
7616	1	0
7617	0	1
7618	1	0
7619	0	1
7620	1	0
7621	1	0
7622	0	1
7623	1	0
7624	0	1
7625	1	0
7626	0	1
7627	0	1
7628	1	0
7629	1	0
7630	1	0
7631	1	0
7632	0	1
7633	1	0
7634	0	1
7635	1	0
7636	0	1
7637	1	0
7638	1	0
7639	1	0
7640	1	0
7641	1	0
7642	1	0
7643	0	1
7644	1	0
7645	1	0
7646	0	1
7647	1	0
7648	1	0
7649	1	0
7650	1	0
7651	0	1
7652	1	0
7653	1	0
7654	1	0
7655	1	0
7656	1	0
7657	1	0
7658	1	0
7659	1	0
7660	1	0
7661	1	0
7662	1	0
7663	1	0
7664	1	0
7665	0	1
7666	0	1
7667	1	0
7668	1	0
7669	0	1
7670	0	1
7671	0	1
7672	1	0
7673	1	0
7674	1	0
7675	0	1
7676	0	1
7677	0	1
7678	1	0
7679	1	0
7680	1	0
7681	1	0
7682	1	0
7683	0	1
7684	1	0
7685	1	0
7686	0	1
7687	1	0
7688	1	0
7689	1	0
7690	1	0
7691	1	0
7692	1	0
7693	1	0
7694	1	0
7695	1	0
7696	1	0
7697	1	0
7698	1	0
7699	0	1
7700	1	0
7701	0	1
7702	1	0
7703	1	0
7704	1	0
7705	1	0
7706	1	0
7707	1	0
7708	1	0
7709	0	1
7710	0	1
7711	1	0
7712	0	1
7713	1	0
7714	0	1
7715	0	1
7716	1	0
7717	1	0
7718	1	0
7719	1	0
7720	0	1
7721	1	0
7722	1	0
7723	1	0
7724	1	0
7725	0	1
7726	0	1
7727	1	0
7728	1	0
7729	1	0
7730	1	0
7731	1	0
7732	1	0
7733	1	0
7734	1	0
7735	1	0
7736	0	1
7737	1	0
7738	1	0
7739	0	1
7740	1	0
7741	1	0
7742	1	0
7743	1	0
7744	1	0
7745	0	1
7746	1	0
7747	1	0
7748	1	0
7749	1	0
7750	1	0
7751	0	1
7752	1	0
7753	1	0
7754	1	0
7755	1	0
7756	1	0
7757	1	0
7758	0	1
7759	1	0
7760	1	0
7761	1	0
7762	0	1
7763	1	0
7764	1	0
7765	1	0
7766	1	0
7767	0	1
7768	0	1
7769	0	1
7770	1	0
7771	1	0
7772	1	0
7773	1	0
7774	1	0
7775	1	0
7776	1	0
7777	1	0
7778	1	0
7779	0	1
7780	1	0
7781	0	1
7782	0	1
7783	1	0
7784	1	0
7785	1	0
7786	1	0
7787	0	1
7788	1	0
7789	1	0
7790	1	0
7791	1	0
7792	1	0
7793	0	1
7794	0	1
7795	1	0
7796	0	1
7797	0	1
7798	0	1
7799	0	1
7800	0	1
7801	0	1
7802	1	0
7803	1	0
7804	1	0
7805	1	0
7806	0	1
7807	1	0
7808	1	0
7809	1	0
7810	0	1
7811	0	1
7812	1	0
7813	1	0
7814	1	0
7815	1	0
7816	0	1
7817	1	0
7818	1	0
7819	0	1
7820	0	1
7821	1	0
7822	1	0
7823	1	0
7824	1	0
7825	0	1
7826	1	0
7827	0	1
7828	0	1
7829	1	0
7830	1	0
7831	1	0
7832	1	0
7833	0	1
7834	1	0
7835	1	0
7836	1	0
7837	1	0
7838	1	0
7839	0	1
7840	1	0
7841	1	0
7842	0	1
7843	1	0
7844	0	1
7845	1	0
7846	0	1
7847	1	0
7848	0	1
7849	0	1
7850	1	0
7851	1	0
7852	1	0
7853	1	0
7854	1	0
7855	1	0
7856	0	1
7857	0	1
7858	1	0
7859	0	1
7860	1	0
7861	1	0
7862	1	0
7863	0	1
7864	1	0
7865	1	0
7866	1	0
7867	0	1
7868	0	1
7869	1	0
7870	0	1
7871	0	1
7872	0	1
7873	1	0
7874	1	0
7875	1	0
7876	1	0
7877	1	0
7878	1	0
7879	1	0
7880	1	0
7881	1	0
7882	1	0
7883	0	1
7884	1	0
7885	1	0
7886	1	0
7887	0	1
7888	0	1
7889	1	0
7890	1	0
7891	0	1
7892	0	1
7893	0	1
7894	0	1
7895	1	0
7896	0	1
7897	1	0
7898	1	0
7899	1	0
7900	1	0
7901	0	1
7902	1	0
7903	1	0
7904	1	0
7905	0	1
7906	1	0
7907	0	1
7908	1	0
7909	1	0
7910	1	0
7911	1	0
7912	1	0
7913	1	0
7914	0	1
7915	1	0
7916	0	1
7917	1	0
7918	0	1
7919	1	0
7920	1	0
7921	1	0
7922	1	0
7923	1	0
7924	1	0
7925	1	0
7926	1	0
7927	0	1
7928	0	1
7929	1	0
7930	0	1
7931	0	1
7932	0	1
7933	1	0
7934	1	0
7935	1	0
7936	1	0
7937	0	1
7938	1	0
7939	0	1
7940	1	0
7941	1	0
7942	0	1
7943	0	1
7944	0	1
7945	0	1
7946	0	1
7947	1	0
7948	0	1
7949	1	0
7950	1	0
7951	1	0
7952	1	0
7953	1	0
7954	1	0
7955	1	0
7956	1	0
7957	0	1
7958	0	1
7959	0	1
7960	1	0
7961	1	0
7962	1	0
7963	1	0
7964	0	1
7965	1	0
7966	1	0
7967	0	1
7968	1	0
7969	0	1
7970	0	1
7971	1	0
7972	0	1
7973	1	0
7974	0	1
7975	1	0
7976	1	0
7977	0	1
7978	0	1
7979	1	0
7980	1	0
7981	1	0
7982	0	1
7983	1	0
7984	1	0
7985	1	0
7986	1	0
7987	0	1
7988	1	0
7989	1	0
7990	1	0
7991	1	0
7992	1	0
7993	1	0
7994	1	0
7995	1	0
7996	0	1
7997	1	0
7998	1	0
7999	1	0
8000	1	0
8001	1	0
8002	1	0
8003	0	1
8004	0	1
8005	1	0
8006	1	0
8007	1	0
8008	0	1
8009	1	0
8010	1	0
8011	0	1
8012	0	1
8013	1	0
8014	1	0
8015	1	0
8016	1	0
8017	1	0
8018	1	0
8019	1	0
8020	1	0
8021	1	0
8022	1	0
8023	0	1
8024	0	1
8025	0	1
8026	0	1
8027	1	0
8028	0	1
8029	1	0
8030	0	1
8031	0	1
8032	1	0
8033	1	0
8034	0	1
8035	1	0
8036	1	0
8037	0	1
8038	1	0
8039	1	0
8040	0	1
8041	1	0
8042	0	1
8043	1	0
8044	0	1
8045	1	0
8046	1	0
8047	0	1
8048	1	0
8049	0	1
8050	1	0
8051	1	0
8052	1	0
8053	1	0
8054	0	1
8055	0	1
8056	1	0
8057	0	1
8058	1	0
8059	0	1
8060	1	0
8061	0	1
8062	1	0
8063	1	0
8064	1	0
8065	0	1
8066	1	0
8067	0	1
8068	0	1
8069	0	1
8070	1	0
8071	1	0
8072	1	0
8073	0	1
8074	0	1
8075	0	1
8076	0	1
8077	1	0
8078	1	0
8079	1	0
8080	1	0
8081	1	0
8082	0	1
8083	1	0
8084	1	0
8085	1	0
8086	1	0
8087	1	0
8088	1	0
8089	1	0
8090	0	1
8091	1	0
8092	1	0
8093	1	0
8094	1	0
8095	1	0
8096	0	1
8097	1	0
8098	1	0
8099	1	0
8100	1	0
8101	1	0
8102	1	0
8103	0	1
8104	1	0
8105	1	0
8106	1	0
8107	0	1
8108	1	0
8109	1	0
8110	0	1
8111	0	1
8112	1	0
8113	1	0
8114	1	0
8115	1	0
8116	1	0
8117	1	0
8118	0	1
8119	1	0
8120	0	1
8121	1	0
8122	0	1
8123	0	1
8124	0	1
8125	1	0
8126	1	0
8127	1	0
8128	1	0
8129	1	0
8130	1	0
8131	0	1
8132	1	0
8133	1	0
8134	0	1
8135	1	0
8136	0	1
8137	0	1
8138	0	1
8139	0	1
8140	0	1
8141	1	0
8142	1	0
8143	1	0
8144	1	0
8145	0	1
8146	0	1
8147	0	1
8148	1	0
8149	0	1
8150	1	0
8151	1	0
8152	1	0
8153	1	0
8154	1	0
8155	1	0
8156	1	0
8157	0	1
8158	1	0
8159	1	0
8160	1	0
8161	0	1
8162	1	0
8163	0	1
8164	0	1
8165	0	1
8166	1	0
8167	1	0
8168	1	0
8169	1	0
8170	1	0
8171	0	1
8172	1	0
8173	1	0
8174	1	0
8175	1	0
8176	1	0
8177	1	0
8178	1	0
8179	0	1
8180	0	1
8181	1	0
8182	1	0
8183	0	1
8184	1	0
8185	0	1
8186	1	0
8187	1	0
8188	1	0
8189	1	0
8190	1	0
8191	1	0
8192	1	0
8193	1	0
8194	1	0
8195	1	0
8196	1	0
8197	1	0
8198	1	0
8199	1	0
8200	0	1
8201	1	0
8202	1	0
8203	1	0
8204	1	0
8205	1	0
8206	1	0
8207	1	0
8208	1	0
8209	1	0
8210	1	0
8211	1	0
8212	1	0
8213	1	0
8214	0	1
8215	0	1
8216	1	0
8217	0	1
8218	1	0
8219	0	1
8220	1	0
8221	1	0
8222	1	0
8223	1	0
8224	0	1
8225	1	0
8226	1	0
8227	0	1
8228	1	0
8229	0	1
8230	0	1
8231	1	0
8232	1	0
8233	0	1
8234	1	0
8235	1	0
8236	0	1
8237	1	0
8238	1	0
8239	0	1
8240	0	1
8241	0	1
8242	1	0
8243	0	1
8244	0	1
8245	1	0
8246	0	1
8247	1	0
8248	1	0
8249	1	0
8250	0	1
8251	1	0
8252	0	1
8253	1	0
8254	1	0
8255	1	0
8256	0	1
8257	1	0
8258	0	1
8259	0	1
8260	0	1
8261	1	0
8262	1	0
8263	1	0
8264	1	0
8265	1	0
8266	1	0
8267	1	0
8268	0	1
8269	1	0
8270	1	0
8271	1	0
8272	0	1
8273	0	1
8274	0	1
8275	1	0
8276	1	0
8277	1	0
8278	1	0
8279	1	0
8280	1	0
8281	0	1
8282	1	0
8283	0	1
8284	0	1
8285	1	0
8286	1	0
8287	0	1
8288	0	1
8289	1	0
8290	0	1
8291	1	0
8292	1	0
8293	1	0
8294	1	0
8295	0	1
8296	0	1
8297	1	0
8298	1	0
8299	0	1
8300	0	1
8301	1	0
8302	0	1
8303	1	0
8304	1	0
8305	1	0
8306	1	0
8307	1	0
8308	0	1
8309	1	0
8310	1	0
8311	0	1
8312	0	1
8313	1	0
8314	1	0
8315	1	0
8316	1	0
8317	0	1
8318	0	1
8319	1	0
8320	1	0
8321	1	0
8322	0	1
8323	0	1
8324	0	1
8325	1	0
8326	1	0
8327	0	1
8328	1	0
8329	0	1
8330	1	0
8331	0	1
8332	0	1
8333	1	0
8334	1	0
8335	1	0
8336	1	0
8337	1	0
8338	1	0
8339	1	0
8340	0	1
8341	0	1
8342	0	1
8343	0	1
8344	1	0
8345	1	0
8346	1	0
8347	1	0
8348	0	1
8349	1	0
8350	1	0
8351	1	0
8352	0	1
8353	0	1
8354	1	0
8355	1	0
8356	1	0
8357	1	0
8358	0	1
8359	0	1
8360	1	0
8361	0	1
8362	1	0
8363	1	0
8364	1	0
8365	1	0
8366	0	1
8367	1	0
8368	1	0
8369	0	1
8370	0	1
8371	1	0
8372	0	1
8373	1	0
8374	0	1
8375	1	0
8376	1	0
8377	1	0
8378	1	0
8379	0	1
8380	1	0
8381	1	0
8382	1	0
8383	1	0
8384	1	0
8385	1	0
8386	1	0
8387	1	0
8388	0	1
8389	1	0
8390	0	1
8391	0	1
8392	1	0
8393	1	0
8394	1	0
8395	1	0
8396	1	0
8397	0	1
8398	1	0
8399	1	0
8400	1	0
8401	0	1
8402	1	0
8403	1	0
8404	1	0
8405	1	0
8406	1	0
8407	0	1
8408	1	0
8409	1	0
8410	1	0
8411	0	1
8412	1	0
8413	0	1
8414	0	1
8415	1	0
8416	0	1
8417	1	0
8418	1	0
8419	1	0
8420	1	0
8421	1	0
8422	1	0
8423	1	0
8424	0	1
8425	1	0
8426	1	0
8427	1	0
8428	0	1
8429	1	0
8430	1	0
8431	1	0
8432	0	1
8433	0	1
8434	1	0
8435	0	1
8436	1	0
8437	1	0
8438	1	0
8439	0	1
8440	1	0
8441	0	1
8442	0	1
8443	1	0
8444	1	0
8445	1	0
8446	0	1
8447	0	1
8448	0	1
8449	1	0
8450	0	1
8451	1	0
8452	1	0
8453	0	1
8454	1	0
8455	1	0
8456	0	1
8457	0	1
8458	1	0
8459	1	0
8460	1	0
8461	1	0
8462	1	0
8463	1	0
8464	1	0
8465	1	0
8466	1	0
8467	1	0
8468	1	0
8469	1	0
8470	1	0
8471	1	0
8472	1	0
8473	0	1
8474	1	0
8475	0	1
8476	1	0
8477	0	1
8478	1	0
8479	1	0
8480	0	1
8481	1	0
8482	1	0
8483	0	1
8484	0	1
8485	0	1
8486	1	0
8487	0	1
8488	0	1
8489	0	1
8490	1	0
8491	0	1
8492	1	0
8493	0	1
8494	0	1
8495	0	1
8496	1	0
8497	0	1
8498	1	0
8499	0	1
8500	0	1
8501	1	0
8502	1	0
8503	0	1
8504	0	1
8505	1	0
8506	1	0
8507	1	0
8508	1	0
8509	0	1
8510	1	0
8511	1	0
8512	1	0
8513	0	1
8514	1	0
8515	1	0
8516	1	0
8517	0	1
8518	1	0
8519	1	0
8520	1	0
8521	1	0
8522	1	0
8523	1	0
8524	0	1
8525	1	0
8526	1	0
8527	0	1
8528	1	0
8529	1	0
8530	1	0
8531	1	0
8532	0	1
8533	1	0
8534	1	0
8535	1	0
8536	0	1
8537	1	0
8538	0	1
8539	1	0
8540	1	0
8541	1	0
8542	1	0
8543	1	0
8544	0	1
8545	0	1
8546	1	0
8547	1	0
8548	1	0
8549	1	0
8550	0	1
8551	1	0
8552	0	1
8553	1	0
8554	1	0
8555	0	1
8556	1	0
8557	0	1
8558	0	1
8559	0	1
8560	1	0
8561	0	1
8562	1	0
8563	1	0
8564	1	0
8565	0	1
8566	1	0
8567	1	0
8568	1	0
8569	1	0
8570	0	1
8571	0	1
8572	1	0
8573	0	1
8574	1	0
8575	0	1
8576	0	1
8577	1	0
8578	1	0
8579	1	0
8580	1	0
8581	1	0
8582	0	1
8583	1	0
8584	1	0
8585	0	1
8586	1	0
8587	1	0
8588	1	0
8589	1	0
8590	1	0
8591	1	0
8592	0	1
8593	0	1
8594	1	0
8595	0	1
8596	1	0
8597	1	0
8598	0	1
8599	1	0
8600	0	1
8601	1	0
8602	0	1
8603	0	1
8604	1	0
8605	1	0
8606	0	1
8607	1	0
8608	1	0
8609	1	0
8610	1	0
8611	1	0
8612	1	0
8613	1	0
8614	0	1
8615	0	1
8616	1	0
8617	0	1
8618	0	1
8619	1	0
8620	1	0
8621	1	0
8622	0	1
8623	0	1
8624	0	1
8625	1	0
8626	1	0
8627	1	0
8628	0	1
8629	1	0
8630	1	0
8631	1	0
8632	1	0
8633	0	1
8634	1	0
8635	1	0
8636	0	1
8637	0	1
8638	0	1
8639	1	0
8640	0	1
8641	1	0
8642	1	0
8643	1	0
8644	0	1
8645	1	0
8646	1	0
8647	0	1
8648	0	1
8649	1	0
8650	1	0
8651	0	1
8652	1	0
8653	1	0
8654	1	0
8655	1	0
8656	1	0
8657	1	0
8658	1	0
8659	1	0
8660	1	0
8661	0	1
8662	1	0
8663	1	0
8664	1	0
8665	1	0
8666	1	0
8667	1	0
8668	1	0
8669	1	0
8670	0	1
8671	1	0
8672	1	0
8673	1	0
8674	1	0
8675	1	0
8676	1	0
8677	1	0
8678	0	1
8679	1	0
8680	0	1
8681	1	0
8682	1	0
8683	1	0
8684	1	0
8685	1	0
8686	1	0
8687	1	0
8688	1	0
8689	0	1
8690	1	0
8691	1	0
8692	1	0
8693	0	1
8694	0	1
8695	1	0
8696	1	0
8697	0	1
8698	0	1
8699	1	0
8700	1	0
8701	1	0
8702	1	0
8703	0	1
8704	1	0
8705	0	1
8706	0	1
8707	1	0
8708	1	0
8709	0	1
8710	1	0
8711	1	0
8712	0	1
8713	0	1
8714	1	0
8715	1	0
8716	0	1
8717	1	0
8718	0	1
8719	0	1
8720	0	1
8721	1	0
8722	1	0
8723	1	0
8724	1	0
8725	0	1
8726	1	0
8727	0	1
8728	1	0
8729	1	0
8730	1	0
8731	0	1
8732	1	0
8733	0	1
8734	1	0
8735	1	0
8736	0	1
8737	1	0
8738	1	0
8739	1	0
8740	1	0
8741	0	1
8742	0	1
8743	0	1
8744	0	1
8745	0	1
8746	0	1
8747	0	1
8748	1	0
8749	1	0
8750	1	0
8751	1	0
8752	1	0
8753	1	0
8754	1	0
8755	1	0
8756	0	1
8757	0	1
8758	1	0
8759	1	0
8760	0	1
8761	1	0
8762	1	0
8763	1	0
8764	1	0
8765	1	0
8766	0	1
8767	1	0
8768	0	1
8769	1	0
8770	1	0
8771	0	1
8772	0	1
8773	1	0
8774	1	0
8775	1	0
8776	1	0
8777	0	1
8778	1	0
8779	0	1
8780	1	0
8781	1	0
8782	1	0
8783	1	0
8784	0	1
8785	0	1
8786	1	0
8787	0	1
8788	0	1
8789	1	0
8790	1	0
8791	1	0
8792	0	1
8793	0	1
8794	1	0
8795	1	0
8796	1	0
8797	0	1
8798	0	1
8799	0	1
8800	0	1
8801	1	0
8802	1	0
8803	1	0
8804	0	1
8805	1	0
8806	1	0
8807	1	0
8808	0	1
8809	1	0
8810	1	0
8811	0	1
8812	1	0
8813	1	0
8814	1	0
8815	1	0
8816	1	0
8817	1	0
8818	0	1
8819	1	0
8820	1	0
8821	0	1
8822	0	1
8823	1	0
8824	1	0
8825	1	0
8826	0	1
8827	1	0
8828	1	0
8829	1	0
8830	0	1
8831	1	0
8832	1	0
8833	0	1
8834	0	1
8835	1	0
8836	1	0
8837	1	0
8838	1	0
8839	1	0
8840	1	0
8841	1	0
8842	1	0
8843	1	0
8844	1	0
8845	1	0
8846	1	0
8847	1	0
8848	1	0
8849	1	0
8850	1	0
8851	1	0
8852	1	0
8853	1	0
8854	1	0
8855	1	0
8856	1	0
8857	0	1
8858	1	0
8859	0	1
8860	0	1
8861	1	0
8862	1	0
8863	1	0
8864	0	1
8865	1	0
8866	1	0
8867	1	0
8868	0	1
8869	0	1
8870	1	0
8871	1	0
8872	0	1
8873	0	1
8874	1	0
8875	0	1
8876	1	0
8877	0	1
8878	0	1
8879	1	0
8880	1	0
8881	1	0
8882	1	0
8883	0	1
8884	1	0
8885	1	0
8886	1	0
8887	0	1
8888	1	0
8889	1	0
8890	1	0
8891	1	0
8892	1	0
8893	1	0
8894	1	0
8895	1	0
8896	1	0
8897	1	0
8898	0	1
8899	0	1
8900	1	0
8901	0	1
8902	1	0
8903	0	1
8904	1	0
8905	1	0
8906	1	0
8907	1	0
8908	0	1
8909	0	1
8910	1	0
8911	0	1
8912	1	0
8913	1	0
8914	1	0
8915	0	1
8916	0	1
8917	1	0
8918	0	1
8919	1	0
8920	0	1
8921	1	0
8922	1	0
8923	1	0
8924	0	1
8925	1	0
8926	1	0
8927	1	0
8928	1	0
8929	1	0
8930	1	0
8931	1	0
8932	1	0
8933	0	1
8934	0	1
8935	1	0
8936	1	0
8937	1	0
8938	0	1
8939	1	0
8940	1	0
8941	1	0
8942	1	0
8943	1	0
8944	1	0
8945	1	0
8946	0	1
8947	1	0
8948	1	0
8949	1	0
8950	1	0
8951	1	0
8952	1	0
8953	0	1
8954	0	1
8955	1	0
8956	1	0
8957	1	0
8958	1	0
8959	1	0
8960	1	0
8961	1	0
8962	1	0
8963	1	0
8964	0	1
8965	0	1
8966	1	0
8967	1	0
8968	1	0
8969	1	0
8970	1	0
8971	0	1
8972	0	1
8973	0	1
8974	1	0
8975	1	0
8976	0	1
8977	1	0
8978	1	0
8979	1	0
8980	1	0
8981	1	0
8982	0	1
8983	1	0
8984	0	1
8985	1	0
8986	1	0
8987	1	0
8988	1	0
8989	0	1
8990	1	0
8991	1	0
8992	0	1
8993	1	0
8994	0	1
8995	1	0
8996	1	0
8997	1	0
8998	1	0
8999	1	0
9000	0	1
9001	1	0
9002	1	0
9003	0	1
9004	1	0
9005	1	0
9006	0	1
9007	1	0
9008	1	0
9009	1	0
9010	1	0
9011	0	1
9012	1	0
9013	0	1
9014	1	0
9015	1	0
9016	0	1
9017	1	0
9018	1	0
9019	1	0
9020	1	0
9021	0	1
9022	1	0
9023	1	0
9024	1	0
9025	1	0
9026	0	1
9027	1	0
9028	1	0
9029	1	0
9030	1	0
9031	1	0
9032	1	0
9033	0	1
9034	1	0
9035	0	1
9036	0	1
9037	1	0
9038	1	0
9039	1	0
9040	1	0
9041	1	0
9042	1	0
9043	1	0
9044	0	1
9045	0	1
9046	0	1
9047	0	1
9048	1	0
9049	1	0
9050	1	0
9051	1	0
9052	1	0
9053	0	1
9054	1	0
9055	0	1
9056	1	0
9057	1	0
9058	0	1
9059	0	1
9060	1	0
9061	0	1
9062	1	0
9063	0	1
9064	1	0
9065	1	0
9066	1	0
9067	1	0
9068	1	0
9069	0	1
9070	1	0
9071	1	0
9072	1	0
9073	0	1
9074	0	1
9075	1	0
9076	1	0
9077	1	0
9078	1	0
9079	1	0
9080	1	0
9081	0	1
9082	1	0
9083	1	0
9084	1	0
9085	0	1
9086	0	1
9087	1	0
9088	1	0
9089	0	1
9090	0	1
9091	1	0
9092	1	0
9093	1	0
9094	0	1
9095	0	1
9096	0	1
9097	1	0
9098	1	0
9099	0	1
9100	1	0
9101	1	0
9102	1	0
9103	1	0
9104	0	1
9105	1	0
9106	0	1
9107	1	0
9108	0	1
9109	0	1
9110	1	0
9111	1	0
9112	0	1
9113	1	0
9114	1	0
9115	1	0
9116	0	1
9117	0	1
9118	1	0
9119	1	0
9120	0	1
9121	1	0
9122	1	0
9123	1	0
9124	1	0
9125	0	1
9126	1	0
9127	0	1
9128	0	1
9129	1	0
9130	0	1
9131	0	1
9132	0	1
9133	1	0
9134	1	0
9135	1	0
9136	1	0
9137	1	0
9138	1	0
9139	1	0
9140	0	1
9141	1	0
9142	1	0
9143	0	1
9144	1	0
9145	1	0
9146	0	1
9147	1	0
9148	1	0
9149	0	1
9150	1	0
9151	0	1
9152	0	1
9153	0	1
9154	1	0
9155	1	0
9156	0	1
9157	1	0
9158	0	1
9159	1	0
9160	1	0
9161	1	0
9162	1	0
9163	1	0
9164	1	0
9165	1	0
9166	1	0
9167	1	0
9168	1	0
9169	1	0
9170	0	1
9171	1	0
9172	0	1
9173	0	1
9174	0	1
9175	1	0
9176	0	1
9177	1	0
9178	0	1
9179	0	1
9180	1	0
9181	0	1
9182	1	0
9183	1	0
9184	0	1
9185	1	0
9186	1	0
9187	1	0
9188	0	1
9189	0	1
9190	1	0
9191	1	0
9192	1	0
9193	1	0
9194	1	0
9195	0	1
9196	1	0
9197	0	1
9198	1	0
9199	0	1
9200	1	0
9201	0	1
9202	1	0
9203	0	1
9204	1	0
9205	1	0
9206	0	1
9207	0	1
9208	1	0
9209	0	1
9210	1	0
9211	1	0
9212	1	0
9213	0	1
9214	1	0
9215	1	0
9216	0	1
9217	1	0
9218	1	0
9219	1	0
9220	1	0
9221	1	0
9222	0	1
9223	0	1
9224	1	0
9225	0	1
9226	1	0
9227	1	0
9228	1	0
9229	1	0
9230	0	1
9231	0	1
9232	1	0
9233	1	0
9234	1	0
9235	1	0
9236	1	0
9237	1	0
9238	0	1
9239	1	0
9240	1	0
9241	1	0
9242	1	0
9243	1	0
9244	0	1
9245	1	0
9246	1	0
9247	1	0
9248	0	1
9249	1	0
9250	1	0
9251	1	0
9252	1	0
9253	0	1
9254	0	1
9255	1	0
9256	0	1
9257	0	1
9258	1	0
9259	0	1
9260	1	0
9261	0	1
9262	0	1
9263	0	1
9264	1	0
9265	1	0
9266	1	0
9267	0	1
9268	0	1
9269	1	0
9270	0	1
9271	1	0
9272	1	0
9273	1	0
9274	0	1
9275	1	0
9276	1	0
9277	0	1
9278	0	1
9279	0	1
9280	0	1
9281	1	0
9282	0	1
9283	1	0
9284	0	1
9285	1	0
9286	1	0
9287	1	0
9288	0	1
9289	1	0
9290	1	0
9291	0	1
9292	0	1
9293	1	0
9294	1	0
9295	1	0
9296	1	0
9297	0	1
9298	0	1
9299	1	0
9300	0	1
9301	1	0
9302	0	1
9303	0	1
9304	0	1
9305	1	0
9306	0	1
9307	0	1
9308	1	0
9309	0	1
9310	0	1
9311	0	1
9312	1	0
9313	0	1
9314	1	0
9315	1	0
9316	1	0
9317	1	0
9318	0	1
9319	1	0
9320	0	1
9321	0	1
9322	0	1
9323	0	1
9324	0	1
9325	1	0
9326	0	1
9327	1	0
9328	1	0
9329	1	0
9330	1	0
9331	1	0
9332	0	1
9333	1	0
9334	1	0
9335	1	0
9336	1	0
9337	0	1
9338	1	0
9339	1	0
9340	1	0
9341	1	0
9342	1	0
9343	1	0
9344	1	0
9345	1	0
9346	1	0
9347	0	1
9348	0	1
9349	1	0
9350	1	0
9351	1	0
9352	1	0
9353	1	0
9354	0	1
9355	0	1
9356	0	1
9357	1	0
9358	1	0
9359	0	1
9360	1	0
9361	0	1
9362	0	1
9363	1	0
9364	1	0
9365	1	0
9366	1	0
9367	1	0
9368	0	1
9369	0	1
9370	0	1
9371	1	0
9372	1	0
9373	0	1
9374	1	0
9375	0	1
9376	0	1
9377	1	0
9378	1	0
9379	1	0
9380	1	0
9381	0	1
9382	1	0
9383	0	1
9384	1	0
9385	0	1
9386	1	0
9387	1	0
9388	0	1
9389	1	0
9390	0	1
9391	1	0
9392	1	0
9393	1	0
9394	1	0
9395	1	0
9396	1	0
9397	0	1
9398	0	1
9399	1	0
9400	1	0
9401	0	1
9402	1	0
9403	0	1
9404	1	0
9405	1	0
9406	1	0
9407	1	0
9408	1	0
9409	0	1
9410	1	0
9411	0	1
9412	1	0
9413	1	0
9414	0	1
9415	1	0
9416	1	0
9417	1	0
9418	1	0
9419	1	0
9420	0	1
9421	1	0
9422	1	0
9423	1	0
9424	1	0
9425	1	0
9426	0	1
9427	0	1
9428	0	1
9429	1	0
9430	0	1
9431	0	1
9432	0	1
9433	0	1
9434	0	1
9435	1	0
9436	0	1
9437	1	0
9438	0	1
9439	0	1
9440	1	0
9441	1	0
9442	1	0
9443	0	1
9444	1	0
9445	1	0
9446	1	0
9447	0	1
9448	1	0
9449	0	1
9450	1	0
9451	1	0
9452	1	0
9453	1	0
9454	0	1
9455	0	1
9456	0	1
9457	1	0
9458	0	1
9459	0	1
9460	1	0
9461	0	1
9462	1	0
9463	1	0
9464	0	1
9465	1	0
9466	1	0
9467	1	0
9468	0	1
9469	0	1
9470	0	1
9471	0	1
9472	1	0
9473	0	1
9474	0	1
9475	0	1
9476	0	1
9477	0	1
9478	0	1
9479	1	0
9480	1	0
9481	1	0
9482	0	1
9483	1	0
9484	1	0
9485	0	1
9486	1	0
9487	1	0
9488	1	0
9489	1	0
9490	1	0
9491	1	0
9492	1	0
9493	1	0
9494	1	0
9495	1	0
9496	1	0
9497	1	0
9498	1	0
9499	1	0
9500	0	1
9501	1	0
9502	1	0
9503	1	0
9504	1	0
9505	1	0
9506	1	0
9507	1	0
9508	0	1
9509	1	0
9510	1	0
9511	1	0
9512	1	0
9513	0	1
9514	1	0
9515	1	0
9516	1	0
9517	0	1
9518	1	0
9519	0	1
9520	1	0
9521	1	0
9522	1	0
9523	1	0
9524	0	1
9525	1	0
9526	1	0
9527	1	0
9528	1	0
9529	1	0
9530	1	0
9531	0	1
9532	1	0
9533	1	0
9534	1	0
9535	1	0
9536	1	0
9537	1	0
9538	1	0
9539	0	1
9540	1	0
9541	1	0
9542	0	1
9543	1	0
9544	1	0
9545	0	1
9546	0	1
9547	1	0
9548	0	1
9549	1	0
9550	1	0
9551	1	0
9552	1	0
9553	1	0
9554	0	1
9555	0	1
9556	1	0
9557	1	0
9558	0	1
9559	1	0
9560	0	1
9561	1	0
9562	1	0
9563	0	1
9564	1	0
9565	1	0
9566	0	1
9567	1	0
9568	0	1
9569	1	0
9570	1	0
9571	0	1
9572	0	1
9573	0	1
9574	1	0
9575	1	0
9576	0	1
9577	0	1
9578	0	1
9579	0	1
9580	1	0
9581	0	1
9582	0	1
9583	0	1
9584	1	0
9585	0	1
9586	0	1
9587	1	0
9588	0	1
9589	1	0
9590	1	0
9591	1	0
9592	0	1
9593	1	0
9594	1	0
9595	0	1
9596	1	0
9597	0	1
9598	1	0
9599	1	0
9600	1	0
9601	1	0
9602	1	0
9603	1	0
9604	1	0
9605	0	1
9606	1	0
9607	1	0
9608	1	0
9609	1	0
9610	1	0
9611	0	1
9612	1	0
9613	1	0
9614	1	0
9615	1	0
9616	1	0
9617	1	0
9618	1	0
9619	0	1
9620	1	0
9621	0	1
9622	1	0
9623	0	1
9624	1	0
9625	0	1
9626	1	0
9627	1	0
9628	1	0
9629	1	0
9630	1	0
9631	1	0
9632	1	0
9633	1	0
9634	0	1
9635	1	0
9636	0	1
9637	1	0
9638	1	0
9639	0	1
9640	1	0
9641	1	0
9642	1	0
9643	1	0
9644	1	0
9645	1	0
9646	0	1
9647	1	0
9648	0	1
9649	1	0
9650	1	0
9651	1	0
9652	1	0
9653	1	0
9654	1	0
9655	0	1
9656	0	1
9657	1	0
9658	0	1
9659	1	0
9660	0	1
9661	1	0
9662	1	0
9663	0	1
9664	0	1
9665	1	0
9666	1	0
9667	1	0
9668	1	0
9669	0	1
9670	1	0
9671	1	0
9672	1	0
9673	1	0
9674	0	1
9675	1	0
9676	1	0
9677	1	0
9678	1	0
9679	1	0
9680	0	1
9681	1	0
9682	1	0
9683	1	0
9684	0	1
9685	1	0
9686	1	0
9687	1	0
9688	0	1
9689	0	1
9690	0	1
9691	0	1
9692	0	1
9693	1	0
9694	1	0
9695	1	0
9696	1	0
9697	1	0
9698	1	0
9699	1	0
9700	1	0
9701	1	0
9702	1	0
9703	1	0
9704	0	1
9705	1	0
9706	1	0
9707	0	1
9708	1	0
9709	0	1
9710	1	0
9711	1	0
9712	0	1
9713	1	0
9714	1	0
9715	1	0
9716	1	0
9717	1	0
9718	1	0
9719	1	0
9720	1	0
9721	1	0
9722	0	1
9723	1	0
9724	0	1
9725	1	0
9726	0	1
9727	1	0
9728	1	0
9729	1	0
9730	1	0
9731	1	0
9732	1	0
9733	0	1
9734	1	0
9735	1	0
9736	0	1
9737	1	0
9738	0	1
9739	1	0
9740	0	1
9741	0	1
9742	1	0
9743	0	1
9744	0	1
9745	0	1
9746	0	1
9747	1	0
9748	0	1
9749	1	0
9750	1	0
9751	1	0
9752	1	0
9753	0	1
9754	1	0
9755	1	0
9756	0	1
9757	1	0
9758	1	0
9759	1	0
9760	1	0
9761	1	0
9762	1	0
9763	1	0
9764	1	0
9765	1	0
9766	1	0
9767	1	0
9768	1	0
9769	0	1
9770	1	0
9771	1	0
9772	1	0
9773	1	0
9774	0	1
9775	1	0
9776	0	1
9777	0	1
9778	1	0
9779	1	0
9780	0	1
9781	1	0
9782	1	0
9783	1	0
9784	1	0
9785	1	0
9786	1	0
9787	1	0
9788	1	0
9789	1	0
9790	1	0
9791	1	0
9792	0	1
9793	1	0
9794	1	0
9795	1	0
9796	1	0
9797	0	1
9798	0	1
9799	1	0
9800	1	0
9801	1	0
9802	0	1
9803	1	0
9804	0	1
9805	0	1
9806	0	1
9807	0	1
9808	1	0
9809	0	1
9810	1	0
9811	1	0
9812	1	0
9813	1	0
9814	1	0
9815	1	0
9816	1	0
9817	1	0
9818	1	0
9819	1	0
9820	1	0
9821	1	0
9822	0	1
9823	1	0
9824	1	0
9825	1	0
9826	1	0
9827	1	0
9828	1	0
9829	1	0
9830	1	0
9831	1	0
9832	0	1
9833	0	1
9834	0	1
9835	0	1
9836	0	1
9837	1	0
9838	1	0
9839	1	0
9840	1	0
9841	1	0
9842	1	0
9843	1	0
9844	1	0
9845	1	0
9846	1	0
9847	1	0
9848	0	1
9849	0	1
9850	1	0
9851	1	0
9852	1	0
9853	1	0
9854	1	0
9855	1	0
9856	1	0
9857	1	0
9858	0	1
9859	1	0
9860	0	1
9861	1	0
9862	1	0
9863	1	0
9864	1	0
9865	1	0
9866	0	1
9867	0	1
9868	1	0
9869	0	1
9870	1	0
9871	1	0
9872	1	0
9873	1	0
9874	1	0
9875	1	0
9876	1	0
9877	1	0
9878	1	0
9879	1	0
9880	1	0
9881	1	0
9882	1	0
9883	1	0
9884	1	0
9885	0	1
9886	1	0
9887	1	0
9888	0	1
9889	0	1
9890	1	0
9891	0	1
9892	1	0
9893	0	1
9894	0	1
9895	1	0
9896	1	0
9897	1	0
9898	1	0
9899	1	0
9900	1	0
9901	0	1
9902	0	1
9903	0	1
9904	1	0
9905	1	0
9906	1	0
9907	1	0
9908	0	1
9909	0	1
9910	1	0
9911	0	1
9912	1	0
9913	1	0
9914	0	1
9915	1	0
9916	0	1
9917	0	1
9918	0	1
9919	0	1
9920	1	0
9921	0	1
9922	1	0
9923	1	0
9924	1	0
9925	1	0
9926	1	0
9927	1	0
9928	1	0
9929	1	0
9930	0	1
9931	1	0
9932	1	0
9933	1	0
9934	1	0
9935	1	0
9936	1	0
9937	0	1
9938	1	0
9939	1	0
9940	0	1
9941	1	0
9942	1	0
9943	0	1
9944	1	0
9945	1	0
9946	0	1
9947	1	0
9948	0	1
9949	0	1
9950	1	0
9951	0	1
9952	1	0
9953	1	0
9954	0	1
9955	1	0
9956	1	0
9957	1	0
9958	0	1
9959	1	0
9960	0	1
9961	1	0
9962	0	1
9963	1	0
9964	1	0
9965	1	0
9966	1	0
9967	1	0
9968	0	1
9969	1	0
9970	1	0
9971	0	1
9972	1	0
9973	1	0
9974	1	0
9975	1	0
9976	1	0
9977	0	1
9978	1	0
9979	0	1
9980	1	0
9981	1	0
9982	0	1
9983	1	0
9984	0	1
9985	0	1
9986	1	0
9987	1	0
9988	0	1
9989	1	0
9990	1	0
9991	1	0
9992	1	0
9993	1	0
9994	1	0
9995	0	1
9996	0	1
9997	0	1
9998	1	0
9999	0	1
10000	1	0
10001	1	0
10002	1	0
10003	0	1
10004	1	0
10005	1	0
10006	1	0
10007	1	0
10008	0	1
10009	1	0
10010	1	0
10011	0	1
10012	0	1
10013	1	0
10014	1	0
10015	1	0
10016	1	0
10017	0	1
10018	0	1
10019	1	0
10020	1	0
10021	0	1
10022	1	0
10023	1	0
10024	0	1
10025	1	0
10026	1	0
10027	1	0
10028	1	0
10029	1	0
10030	1	0
10031	1	0
10032	1	0
10033	0	1
10034	1	0
10035	1	0
10036	1	0
10037	0	1
10038	1	0
10039	0	1
10040	1	0
10041	1	0
10042	1	0
10043	0	1
10044	0	1
10045	1	0
10046	1	0
10047	1	0
10048	0	1
10049	1	0
10050	1	0
10051	1	0
10052	1	0
10053	1	0
10054	0	1
10055	1	0
10056	0	1
10057	0	1
10058	1	0
10059	1	0
10060	0	1
10061	1	0
10062	1	0
10063	0	1
10064	1	0
10065	1	0
10066	1	0
10067	1	0
10068	0	1
10069	1	0
10070	1	0
10071	1	0
10072	1	0
10073	0	1
10074	1	0
10075	1	0
10076	1	0
10077	1	0
10078	0	1
10079	1	0
10080	0	1
10081	1	0
10082	0	1
10083	1	0
10084	0	1
10085	1	0
10086	1	0
10087	1	0
10088	1	0
10089	1	0
10090	1	0
10091	0	1
10092	1	0
10093	1	0
10094	1	0
10095	0	1
10096	1	0
10097	1	0
10098	0	1
10099	0	1
10100	1	0
10101	0	1
