0	1	0
1	1	0
2	1	0
3	1	0
4	1	0
5	1	0
6	1	0
7	1	0
8	1	0
9	1	0
10	1	0
11	1	0
12	1	0
13	1	0
14	1	0
15	1	0
16	1	0
17	1	0
18	1	0
19	1	0
20	1	0
21	1	0
22	1	0
23	1	0
24	1	0
25	1	0
26	1	0
27	1	0
28	1	0
29	1	0
30	1	0
31	1	0
32	1	0
33	1	0
34	1	0
35	1	0
36	1	0
37	1	0
38	1	0
39	1	0
40	1	0
41	1	0
42	1	0
43	1	0
44	1	0
45	1	0
46	1	0
47	1	0
48	1	0
49	1	0
50	1	0
51	1	0
52	1	0
53	1	0
54	1	0
55	1	0
56	1	0
57	1	0
58	1	0
59	1	0
60	1	0
61	1	0
62	1	0
63	1	0
64	1	0
65	1	0
66	1	0
67	1	0
68	1	0
69	1	0
70	1	0
71	1	0
72	1	0
73	1	0
74	1	0
75	1	0
76	1	0
77	1	0
78	1	0
79	1	0
80	1	0
81	1	0
82	1	0
83	1	0
84	1	0
85	1	0
86	1	0
87	1	0
88	1	0
89	1	0
90	1	0
91	1	0
92	1	0
93	1	0
94	1	0
95	1	0
96	1	0
97	1	0
98	1	0
99	1	0
100	1	0
101	1	0
102	1	0
103	1	0
104	1	0
105	1	0
106	1	0
107	1	0
108	1	0
109	1	0
110	1	0
111	1	0
112	1	0
113	1	0
114	1	0
115	1	0
116	1	0
117	1	0
118	1	0
119	1	0
120	1	0
121	1	0
122	1	0
123	1	0
124	1	0
125	1	0
126	1	0
127	1	0
128	1	0
129	1	0
130	1	0
131	1	0
132	1	0
133	1	0
134	1	0
135	1	0
136	1	0
137	1	0
138	1	0
139	1	0
140	1	0
141	1	0
142	1	0
143	1	0
144	1	0
145	1	0
146	1	0
147	1	0
148	1	0
149	1	0
150	1	0
151	1	0
152	1	0
153	1	0
154	1	0
155	1	0
156	1	0
157	1	0
158	1	0
159	1	0
160	1	0
161	1	0
162	1	0
163	1	0
164	1	0
165	1	0
166	1	0
167	1	0
168	1	0
169	1	0
170	1	0
171	1	0
172	1	0
173	1	0
174	1	0
175	1	0
176	1	0
177	1	0
178	1	0
179	1	0
180	1	0
181	1	0
182	1	0
183	1	0
184	1	0
185	1	0
186	1	0
187	1	0
188	1	0
189	1	0
190	1	0
191	1	0
192	1	0
193	1	0
194	1	0
195	1	0
196	1	0
197	1	0
198	1	0
199	1	0
200	1	0
201	1	0
202	1	0
203	1	0
204	1	0
205	1	0
206	1	0
207	1	0
208	1	0
209	1	0
210	1	0
211	1	0
212	1	0
213	1	0
214	1	0
215	1	0
216	1	0
217	1	0
218	1	0
219	1	0
220	1	0
221	1	0
222	1	0
223	1	0
224	1	0
225	1	0
226	1	0
227	1	0
228	1	0
229	1	0
230	1	0
231	1	0
232	1	0
233	1	0
234	1	0
235	1	0
236	1	0
237	1	0
238	1	0
239	1	0
240	1	0
241	1	0
242	1	0
243	1	0
244	1	0
245	1	0
246	1	0
247	1	0
248	1	0
249	1	0
250	1	0
251	1	0
252	1	0
253	1	0
254	1	0
255	1	0
256	1	0
257	1	0
258	1	0
259	1	0
260	1	0
261	1	0
262	1	0
263	1	0
264	1	0
265	1	0
266	1	0
267	1	0
268	1	0
269	1	0
270	1	0
271	1	0
272	1	0
273	1	0
274	1	0
275	1	0
276	1	0
277	1	0
278	1	0
279	1	0
280	1	0
281	1	0
282	1	0
283	1	0
284	1	0
285	1	0
286	1	0
287	1	0
288	1	0
289	1	0
290	1	0
291	1	0
292	1	0
293	1	0
294	1	0
295	1	0
296	1	0
297	0	1
298	0	1
299	0	1
300	0	1
301	1	0
302	0	1
303	0	1
304	0	1
305	0	1
306	0	1
307	0	1
308	1	0
309	0	1
310	0	1
311	0	1
312	0	1
313	0	1
314	0	1
315	0	1
316	0	1
317	0	1
318	0	1
319	0	1
320	0	1
321	0	1
322	0	1
323	0	1
324	0	1
325	0	1
326	0	1
327	0	1
328	0	1
329	0	1
330	0	1
331	0	1
332	0	1
333	0	1
334	0	1
335	0	1
336	0	1
337	0	1
338	0	1
339	0	1
340	0	1
341	0	1
342	0	1
343	0	1
344	0	1
345	0	1
346	0	1
347	0	1
348	0	1
349	0	1
350	0	1
351	0	1
352	0	1
353	0	1
354	0	1
355	0	1
356	0	1
357	0	1
358	0	1
359	0	1
360	0	1
361	0	1
362	0	1
363	0	1
364	0	1
365	0	1
366	0	1
367	0	1
368	0	1
369	0	1
370	0	1
371	0	1
372	0	1
373	0	1
374	0	1
375	0	1
376	0	1
377	0	1
378	0	1
379	0	1
380	0	1
381	0	1
382	0	1
383	0	1
384	0	1
385	0	1
386	0	1
387	0	1
388	0	1
389	0	1
390	0	1
391	0	1
392	0	1
393	0	1
394	0	1
395	0	1
396	0	1
397	0	1
398	0	1
399	0	1
400	0	1
401	0	1
402	0	1
403	0	1
404	0	1
405	0	1
406	0	1
407	0	1
408	0	1
409	0	1
410	0	1
411	0	1
412	0	1
413	0	1
414	0	1
415	0	1
416	0	1
417	0	1
418	0	1
419	0	1
420	0	1
421	0	1
422	0	1
423	0	1
424	0	1
425	0	1
426	0	1
427	0	1
428	0	1
429	0	1
430	0	1
431	0	1
432	0	1
433	1	0
434	0	1
435	0	1
436	0	1
437	0	1
438	0	1
439	0	1
440	0	1
441	0	1
442	0	1
443	0	1
444	0	1
445	0	1
446	0	1
447	0	1
448	0	1
449	0	1
450	0	1
451	0	1
452	0	1
453	0	1
454	0	1
455	0	1
456	0	1
457	0	1
458	0	1
459	0	1
460	0	1
461	0	1
462	0	1
463	0	1
464	0	1
465	0	1
466	0	1
467	0	1
468	0	1
469	0	1
470	0	1
471	0	1
472	0	1
473	0	1
474	0	1
475	0	1
476	1	0
477	0	1
478	0	1
479	0	1
480	0	1
481	0	1
482	0	1
483	0	1
484	0	1
485	0	1
486	0	1
487	0	1
488	0	1
489	0	1
490	0	1
491	0	1
492	0	1
493	0	1
494	0	1
495	0	1
496	0	1
497	0	1
498	0	1
499	0	1
500	0	1
501	1	0
502	0	1
503	0	1
504	0	1
505	0	1
506	0	1
507	0	1
508	0	1
509	0	1
510	1	0
511	0	1
512	0	1
513	0	1
514	0	1
515	0	1
516	0	1
517	0	1
518	0	1
519	0	1
520	0	1
521	0	1
522	0	1
523	0	1
524	0	1
525	0	1
526	0	1
527	0	1
528	0	1
529	0	1
530	0	1
531	0	1
532	0	1
533	0	1
534	0	1
535	0	1
536	0	1
537	0	1
538	0	1
539	0	1
540	0	1
541	0	1
542	0	1
543	0	1
544	0	1
545	0	1
546	0	1
547	0	1
548	0	1
549	0	1
550	0	1
551	0	1
552	0	1
553	0	1
554	0	1
555	0	1
556	0	1
557	0	1
558	0	1
559	0	1
560	0	1
561	0	1
562	0	1
563	0	1
564	0	1
565	0	1
566	0	1
567	0	1
568	0	1
569	0	1
570	0	1
571	0	1
572	0	1
573	0	1
574	0	1
575	0	1
576	0	1
577	0	1
578	0	1
579	0	1
580	0	1
581	0	1
582	0	1
583	0	1
584	0	1
585	0	1
586	0	1
587	0	1
588	0	1
589	0	1
590	0	1
591	0	1
592	1	0
593	0	1
594	0	1
595	0	1
596	0	1
597	0	1
598	0	1
599	0	1
600	0	1
601	0	1
602	0	1
603	0	1
604	0	1
605	0	1
606	0	1
607	0	1
608	0	1
609	0	1
610	0	1
611	0	1
612	0	1
613	0	1
614	0	1
615	0	1
616	0	1
617	0	1
618	0	1
619	0	1
620	0	1
621	0	1
622	0	1
623	0	1
624	0	1
625	0	1
626	0	1
627	0	1
628	0	1
629	0	1
630	0	1
631	0	1
632	0	1
633	0	1
634	0	1
635	0	1
636	0	1
637	1	0
638	0	1
639	0	1
640	0	1
641	0	1
642	0	1
643	0	1
644	0	1
645	0	1
646	0	1
647	0	1
648	0	1
649	0	1
650	0	1
651	0	1
652	0	1
653	0	1
654	0	1
655	0	1
656	0	1
657	0	1
658	0	1
659	0	1
660	0	1
661	0	1
662	0	1
663	0	1
664	0	1
665	0	1
666	0	1
667	0	1
668	0	1
669	0	1
670	0	1
671	0	1
672	0	1
673	0	1
674	0	1
675	0	1
676	0	1
677	0	1
678	1	0
679	0	1
680	0	1
681	0	1
682	0	1
683	0	1
684	0	1
685	0	1
686	0	1
687	0	1
688	0	1
689	0	1
690	1	0
691	0	1
692	0	1
693	0	1
694	0	1
695	0	1
696	0	1
697	1	0
698	0	1
699	0	1
700	1	0
701	0	1
702	0	1
703	0	1
704	0	1
705	0	1
706	0	1
707	0	1
708	0	1
709	0	1
710	0	1
711	0	1
712	0	1
713	0	1
714	0	1
715	0	1
716	0	1
717	0	1
718	0	1
719	0	1
720	0	1
721	0	1
722	0	1
723	0	1
724	0	1
725	0	1
726	0	1
727	0	1
728	0	1
729	0	1
730	0	1
731	0	1
732	0	1
733	0	1
734	0	1
735	0	1
736	0	1
737	0	1
738	0	1
739	0	1
740	0	1
741	0	1
742	0	1
743	0	1
744	0	1
745	0	1
746	0	1
747	0	1
748	0	1
749	0	1
750	0	1
751	0	1
752	0	1
753	0	1
754	0	1
755	0	1
756	0	1
757	0	1
758	0	1
759	0	1
760	0	1
761	0	1
762	0	1
763	0	1
764	0	1
765	0	1
766	0	1
767	0	1
768	0	1
769	0	1
770	0	1
771	0	1
772	1	0
773	0	1
774	0	1
775	0	1
776	0	1
777	0	1
778	0	1
779	0	1
780	0	1
781	0	1
782	0	1
783	0	1
784	0	1
785	0	1
786	0	1
787	0	1
788	0	1
789	0	1
790	0	1
791	0	1
792	0	1
793	0	1
794	0	1
795	0	1
796	0	1
797	0	1
798	0	1
799	0	1
800	0	1
801	0	1
802	0	1
803	0	1
804	0	1
805	0	1
806	0	1
807	1	0
808	0	1
809	0	1
810	0	1
811	0	1
812	0	1
813	0	1
814	0	1
815	0	1
816	0	1
817	0	1
818	0	1
819	0	1
820	0	1
821	0	1
822	0	1
823	0	1
824	0	1
825	0	1
826	0	1
827	0	1
828	0	1
829	0	1
830	0	1
831	0	1
832	0	1
833	0	1
834	0	1
835	0	1
836	0	1
837	0	1
838	0	1
839	0	1
840	0	1
841	0	1
842	0	1
843	0	1
844	0	1
845	0	1
846	0	1
847	0	1
848	0	1
849	0	1
850	0	1
851	0	1
852	0	1
853	0	1
854	0	1
855	0	1
856	0	1
857	0	1
858	0	1
859	0	1
860	0	1
861	0	1
862	0	1
863	0	1
864	0	1
865	0	1
866	0	1
867	0	1
868	0	1
869	0	1
870	0	1
871	0	1
872	0	1
873	0	1
874	0	1
875	0	1
876	0	1
877	0	1
878	0	1
879	0	1
880	0	1
881	0	1
882	0	1
883	0	1
884	0	1
885	0	1
886	0	1
887	0	1
888	1	0
889	0	1
890	0	1
891	0	1
892	0	1
893	0	1
894	0	1
895	0	1
896	0	1
