0	0	1
1	0	1
2	0	1
3	0	1
4	0	1
5	0	1
6	0	1
7	0	1
8	1	0
9	0	1
10	1	0
11	0	1
12	1	0
13	0	1
14	0	1
15	1	0
16	0	1
17	0	1
18	1	0
19	0	1
20	0	1
21	0	1
22	0	1
23	0	1
24	0	1
25	1	0
26	0	1
27	0	1
28	0	1
29	1	0
30	0	1
31	0	1
32	0	1
33	0	1
34	1	0
35	1	0
36	1	0
37	0	1
38	0	1
39	1	0
40	0	1
41	0	1
42	0	1
43	1	0
44	0	1
45	1	0
46	0	1
47	0	1
48	1	0
49	0	1
50	0	1
51	0	1
52	0	1
53	0	1
54	0	1
55	0	1
56	0	1
57	1	0
58	0	1
59	0	1
60	0	1
61	0	1
62	0	1
63	1	0
64	0	1
65	1	0
66	0	1
67	0	1
68	0	1
69	0	1
70	0	1
71	1	0
72	1	0
73	0	1
74	0	1
75	0	1
76	0	1
77	0	1
78	0	1
79	0	1
80	0	1
81	1	0
82	0	1
83	1	0
84	1	0
85	0	1
86	0	1
87	0	1
88	1	0
89	1	0
90	0	1
91	1	0
92	1	0
93	0	1
94	0	1
95	0	1
96	0	1
97	0	1
98	0	1
99	1	0
100	0	1
101	1	0
102	0	1
103	0	1
104	0	1
105	0	1
106	1	0
107	1	0
108	1	0
109	1	0
110	1	0
111	0	1
112	0	1
113	0	1
114	1	0
115	0	1
116	0	1
117	0	1
118	0	1
119	0	1
120	1	0
121	0	1
122	0	1
123	0	1
124	1	0
125	1	0
126	1	0
127	0	1
128	0	1
129	0	1
130	0	1
131	0	1
132	0	1
133	1	0
134	0	1
135	0	1
136	0	1
137	0	1
138	0	1
139	0	1
140	0	1
141	0	1
142	1	0
143	1	0
144	1	0
145	0	1
146	0	1
147	0	1
148	0	1
149	1	0
150	0	1
151	1	0
152	0	1
153	1	0
154	1	0
155	0	1
156	0	1
157	1	0
158	1	0
159	1	0
160	0	1
161	0	1
162	0	1
163	1	0
164	0	1
165	1	0
166	0	1
167	0	1
168	0	1
169	1	0
170	0	1
171	0	1
172	0	1
173	0	1
174	0	1
175	0	1
176	0	1
177	0	1
178	1	0
179	1	0
180	0	1
181	1	0
182	1	0
183	0	1
184	1	0
185	0	1
186	1	0
187	0	1
188	0	1
189	0	1
190	0	1
191	0	1
192	1	0
193	0	1
194	0	1
195	0	1
196	1	0
197	1	0
198	0	1
199	0	1
200	0	1
201	0	1
202	0	1
203	0	1
204	0	1
205	1	0
206	0	1
207	0	1
208	1	0
209	0	1
210	0	1
211	1	0
212	0	1
213	0	1
214	0	1
215	0	1
216	0	1
217	0	1
218	1	0
219	0	1
220	0	1
221	0	1
222	0	1
223	1	0
224	1	0
225	1	0
226	0	1
227	0	1
228	0	1
229	0	1
230	0	1
231	0	1
232	1	0
233	0	1
234	1	0
235	0	1
236	0	1
237	0	1
238	0	1
239	1	0
240	0	1
241	1	0
242	1	0
243	1	0
244	0	1
245	0	1
246	1	0
247	0	1
248	0	1
249	0	1
250	0	1
251	0	1
252	1	0
253	0	1
254	1	0
255	0	1
256	1	0
257	0	1
258	0	1
259	1	0
260	1	0
261	1	0
262	0	1
263	0	1
264	0	1
265	0	1
266	1	0
267	1	0
268	1	0
269	0	1
270	1	0
271	0	1
272	1	0
273	1	0
274	1	0
275	0	1
276	0	1
277	0	1
278	0	1
279	1	0
280	1	0
281	1	0
282	0	1
283	1	0
284	0	1
285	0	1
286	1	0
287	1	0
288	1	0
289	1	0
290	0	1
291	1	0
292	1	0
293	1	0
294	0	1
295	0	1
296	1	0
297	0	1
298	0	1
299	1	0
300	0	1
301	1	0
302	0	1
303	0	1
304	0	1
305	0	1
306	1	0
307	0	1
308	1	0
309	1	0
310	1	0
311	0	1
312	0	1
313	0	1
314	0	1
315	1	0
316	0	1
317	0	1
318	0	1
319	0	1
320	0	1
321	1	0
322	0	1
323	0	1
324	1	0
325	0	1
326	0	1
327	1	0
328	0	1
329	1	0
330	0	1
331	1	0
332	1	0
333	0	1
334	1	0
335	0	1
336	0	1
337	0	1
338	0	1
339	0	1
340	0	1
341	1	0
342	0	1
343	0	1
344	0	1
345	0	1
346	0	1
347	1	0
348	0	1
349	1	0
350	0	1
351	0	1
352	0	1
353	0	1
354	0	1
355	0	1
356	1	0
357	0	1
358	0	1
359	1	0
360	0	1
361	1	0
362	0	1
363	1	0
364	0	1
365	1	0
366	0	1
367	0	1
368	0	1
369	0	1
370	0	1
371	0	1
372	0	1
373	0	1
374	1	0
375	1	0
376	0	1
377	1	0
378	0	1
379	1	0
380	0	1
381	0	1
382	0	1
383	0	1
384	0	1
385	1	0
386	1	0
387	0	1
388	0	1
389	1	0
390	0	1
391	0	1
392	0	1
393	0	1
394	1	0
395	1	0
396	1	0
397	1	0
398	1	0
399	0	1
400	0	1
401	0	1
402	0	1
403	0	1
404	0	1
405	0	1
406	1	0
407	1	0
408	0	1
409	1	0
410	1	0
411	0	1
412	0	1
413	1	0
414	1	0
415	0	1
416	0	1
417	0	1
418	1	0
419	1	0
420	0	1
421	0	1
422	0	1
423	0	1
424	0	1
425	1	0
426	0	1
427	0	1
428	0	1
429	1	0
430	1	0
431	0	1
432	0	1
433	0	1
434	0	1
435	0	1
436	1	0
437	0	1
438	0	1
439	0	1
440	0	1
441	0	1
442	1	0
443	0	1
444	1	0
445	1	0
446	1	0
447	0	1
448	1	0
449	0	1
450	0	1
451	0	1
452	0	1
453	0	1
454	0	1
455	1	0
456	0	1
457	1	0
458	0	1
459	1	0
460	1	0
461	0	1
462	0	1
463	0	1
464	0	1
465	0	1
466	0	1
467	0	1
468	0	1
469	1	0
470	0	1
471	1	0
472	0	1
473	0	1
474	0	1
475	0	1
476	0	1
477	0	1
478	0	1
479	0	1
480	1	0
481	0	1
482	0	1
483	0	1
484	0	1
485	0	1
486	0	1
487	1	0
488	0	1
489	0	1
490	0	1
491	0	1
492	0	1
493	0	1
494	0	1
495	0	1
496	0	1
497	1	0
498	1	0
499	0	1
500	1	0
501	1	0
502	0	1
503	0	1
504	0	1
505	0	1
506	0	1
507	0	1
508	0	1
509	0	1
510	1	0
511	0	1
512	0	1
513	1	0
514	0	1
515	0	1
516	0	1
517	1	0
518	1	0
519	0	1
520	0	1
521	0	1
522	1	0
523	1	0
524	1	0
525	1	0
526	0	1
527	0	1
528	1	0
529	1	0
530	0	1
531	0	1
532	1	0
533	0	1
534	0	1
535	0	1
536	0	1
537	0	1
538	0	1
539	0	1
540	1	0
541	0	1
542	1	0
543	0	1
544	0	1
545	1	0
546	0	1
547	0	1
548	1	0
549	0	1
550	1	0
551	0	1
552	1	0
553	0	1
554	0	1
555	1	0
556	1	0
557	1	0
558	1	0
559	0	1
560	0	1
561	1	0
562	0	1
563	1	0
564	0	1
565	1	0
566	1	0
567	1	0
568	0	1
569	1	0
570	1	0
571	0	1
572	0	1
573	0	1
574	1	0
575	1	0
576	1	0
577	1	0
578	0	1
579	1	0
580	1	0
581	1	0
582	1	0
583	0	1
584	0	1
585	0	1
586	1	0
587	1	0
588	0	1
589	1	0
590	0	1
591	0	1
592	0	1
593	0	1
594	0	1
595	0	1
596	1	0
597	0	1
598	0	1
599	1	0
600	0	1
601	0	1
602	0	1
603	0	1
604	0	1
605	1	0
606	0	1
607	1	0
608	0	1
609	1	0
610	1	0
611	0	1
612	0	1
613	0	1
614	1	0
615	0	1
616	1	0
617	0	1
618	1	0
619	1	0
620	0	1
621	1	0
622	0	1
623	0	1
624	0	1
625	0	1
626	0	1
627	0	1
628	0	1
629	1	0
630	0	1
631	0	1
632	1	0
633	0	1
634	0	1
635	0	1
636	1	0
637	0	1
638	0	1
639	1	0
640	0	1
641	0	1
642	0	1
643	0	1
644	1	0
645	0	1
646	1	0
647	0	1
648	0	1
649	0	1
650	0	1
651	1	0
652	1	0
653	0	1
654	0	1
655	0	1
656	1	0
657	0	1
658	0	1
659	1	0
660	1	0
661	1	0
662	1	0
663	1	0
664	0	1
665	1	0
666	0	1
667	0	1
668	1	0
669	1	0
670	0	1
671	0	1
672	1	0
673	0	1
674	0	1
675	0	1
676	0	1
677	0	1
678	0	1
679	0	1
680	0	1
681	1	0
682	0	1
683	0	1
684	0	1
685	1	0
686	1	0
687	1	0
688	0	1
689	0	1
690	1	0
691	0	1
692	0	1
693	0	1
694	0	1
695	1	0
696	1	0
697	0	1
698	1	0
699	0	1
700	0	1
701	1	0
702	1	0
703	0	1
704	0	1
705	0	1
706	0	1
707	0	1
708	0	1
709	0	1
710	0	1
711	1	0
712	0	1
713	0	1
714	0	1
715	0	1
716	0	1
717	0	1
718	1	0
719	1	0
720	0	1
721	0	1
722	1	0
723	0	1
724	0	1
725	1	0
726	0	1
727	1	0
728	1	0
729	0	1
730	0	1
731	1	0
732	1	0
733	1	0
734	1	0
735	0	1
736	1	0
737	0	1
738	0	1
739	0	1
740	1	0
741	0	1
742	0	1
743	1	0
744	0	1
745	1	0
746	1	0
747	1	0
748	0	1
749	0	1
750	0	1
751	0	1
752	1	0
753	1	0
754	0	1
755	1	0
756	1	0
757	1	0
758	0	1
759	0	1
760	0	1
761	0	1
762	1	0
763	0	1
764	0	1
765	1	0
766	1	0
767	0	1
768	1	0
769	1	0
770	0	1
771	1	0
772	0	1
773	0	1
774	0	1
775	0	1
776	0	1
777	0	1
778	0	1
779	0	1
780	1	0
781	0	1
782	1	0
783	0	1
784	0	1
785	0	1
786	0	1
787	0	1
788	0	1
789	0	1
790	0	1
791	1	0
792	0	1
793	0	1
794	1	0
795	0	1
796	0	1
797	0	1
798	0	1
799	1	0
800	1	0
801	1	0
802	1	0
803	0	1
804	1	0
805	0	1
806	0	1
807	1	0
808	0	1
809	0	1
810	1	0
811	1	0
812	0	1
813	1	0
814	0	1
815	1	0
816	1	0
817	0	1
818	0	1
819	1	0
820	1	0
821	1	0
822	0	1
823	0	1
824	0	1
825	0	1
826	0	1
827	1	0
828	1	0
829	0	1
830	0	1
831	0	1
832	0	1
833	0	1
834	0	1
835	0	1
836	1	0
837	0	1
838	0	1
839	0	1
840	0	1
841	0	1
842	1	0
843	0	1
844	0	1
845	0	1
846	0	1
847	1	0
848	0	1
849	0	1
850	1	0
851	1	0
852	0	1
853	1	0
854	0	1
855	0	1
856	1	0
857	0	1
858	0	1
859	0	1
860	0	1
861	0	1
862	1	0
863	0	1
864	0	1
865	1	0
866	1	0
867	0	1
868	0	1
869	0	1
870	1	0
871	1	0
872	0	1
873	1	0
874	0	1
875	0	1
876	0	1
877	0	1
878	0	1
879	1	0
880	1	0
881	0	1
882	1	0
883	0	1
884	1	0
885	0	1
886	1	0
887	1	0
888	0	1
889	0	1
890	0	1
891	0	1
892	0	1
893	0	1
894	0	1
895	0	1
896	0	1
897	1	0
898	0	1
899	0	1
900	0	1
901	0	1
902	0	1
903	0	1
904	1	0
905	0	1
906	1	0
907	0	1
908	0	1
909	0	1
910	0	1
911	0	1
912	1	0
913	0	1
914	1	0
915	1	0
916	1	0
917	0	1
918	1	0
919	0	1
920	0	1
921	1	0
922	1	0
923	0	1
924	0	1
925	0	1
926	0	1
927	1	0
928	1	0
929	0	1
930	0	1
931	1	0
932	1	0
933	0	1
934	1	0
935	0	1
936	0	1
937	1	0
938	1	0
939	0	1
940	0	1
941	0	1
942	1	0
943	1	0
944	0	1
945	0	1
946	0	1
947	0	1
948	0	1
949	1	0
950	0	1
951	1	0
952	1	0
953	1	0
954	1	0
955	0	1
956	0	1
957	0	1
958	0	1
959	0	1
960	1	0
961	1	0
962	0	1
963	0	1
964	0	1
965	0	1
966	0	1
967	1	0
968	0	1
969	1	0
970	1	0
971	0	1
972	1	0
973	0	1
974	0	1
975	1	0
976	0	1
977	1	0
978	0	1
979	0	1
980	0	1
981	0	1
982	0	1
983	0	1
984	1	0
985	1	0
986	0	1
987	0	1
988	0	1
989	0	1
990	0	1
991	0	1
992	1	0
993	1	0
994	0	1
995	0	1
996	0	1
997	0	1
998	0	1
999	0	1
1000	1	0
1001	1	0
1002	1	0
1003	0	1
1004	1	0
1005	1	0
1006	1	0
1007	1	0
1008	1	0
1009	1	0
1010	0	1
1011	1	0
1012	0	1
1013	1	0
1014	1	0
1015	0	1
1016	1	0
1017	1	0
1018	0	1
1019	0	1
1020	0	1
1021	0	1
1022	1	0
1023	0	1
1024	0	1
1025	0	1
1026	0	1
1027	0	1
1028	0	1
1029	0	1
1030	0	1
1031	0	1
1032	0	1
1033	0	1
1034	1	0
1035	0	1
1036	0	1
1037	0	1
1038	0	1
1039	0	1
1040	0	1
1041	0	1
1042	1	0
1043	0	1
1044	0	1
1045	0	1
1046	0	1
1047	1	0
1048	0	1
1049	0	1
1050	0	1
1051	0	1
1052	0	1
1053	0	1
1054	0	1
1055	1	0
1056	0	1
1057	1	0
1058	1	0
1059	1	0
1060	0	1
1061	0	1
1062	1	0
1063	0	1
1064	0	1
1065	0	1
1066	0	1
1067	0	1
1068	0	1
1069	1	0
1070	0	1
1071	0	1
1072	0	1
1073	0	1
1074	0	1
1075	1	0
1076	0	1
1077	1	0
1078	0	1
1079	1	0
1080	0	1
1081	0	1
1082	0	1
1083	0	1
1084	0	1
1085	0	1
1086	0	1
1087	1	0
1088	0	1
1089	1	0
1090	0	1
1091	0	1
1092	0	1
1093	1	0
1094	0	1
1095	1	0
1096	1	0
1097	0	1
1098	1	0
1099	1	0
1100	1	0
1101	0	1
1102	1	0
1103	0	1
1104	0	1
1105	0	1
1106	0	1
1107	0	1
1108	0	1
1109	1	0
1110	0	1
1111	0	1
1112	0	1
1113	1	0
1114	1	0
1115	0	1
1116	0	1
1117	0	1
1118	0	1
1119	0	1
1120	0	1
1121	1	0
1122	1	0
1123	0	1
1124	0	1
1125	0	1
1126	1	0
1127	1	0
1128	0	1
1129	1	0
1130	0	1
1131	0	1
1132	1	0
1133	1	0
1134	0	1
1135	1	0
1136	1	0
1137	0	1
1138	0	1
1139	0	1
1140	0	1
1141	0	1
1142	0	1
1143	1	0
1144	1	0
1145	0	1
1146	0	1
1147	1	0
1148	0	1
1149	1	0
1150	0	1
1151	0	1
1152	0	1
1153	1	0
1154	0	1
1155	1	0
1156	1	0
1157	1	0
1158	0	1
1159	0	1
1160	0	1
1161	0	1
1162	0	1
1163	0	1
1164	0	1
1165	0	1
1166	1	0
1167	0	1
1168	1	0
1169	0	1
1170	0	1
1171	0	1
1172	0	1
1173	1	0
1174	1	0
1175	1	0
1176	1	0
1177	0	1
1178	0	1
1179	0	1
1180	0	1
1181	1	0
1182	0	1
1183	0	1
1184	1	0
1185	0	1
1186	1	0
1187	0	1
1188	1	0
1189	1	0
1190	1	0
1191	0	1
1192	0	1
1193	0	1
1194	0	1
1195	0	1
1196	0	1
1197	0	1
1198	0	1
1199	0	1
1200	1	0
1201	0	1
1202	1	0
1203	0	1
1204	1	0
1205	1	0
1206	0	1
1207	0	1
1208	0	1
1209	1	0
1210	0	1
1211	1	0
1212	0	1
1213	0	1
1214	0	1
1215	1	0
1216	1	0
1217	0	1
1218	0	1
1219	0	1
1220	0	1
1221	0	1
1222	1	0
1223	0	1
1224	0	1
1225	1	0
1226	1	0
1227	1	0
1228	1	0
1229	0	1
1230	0	1
1231	1	0
1232	0	1
1233	0	1
1234	0	1
1235	0	1
1236	0	1
1237	0	1
1238	0	1
1239	0	1
1240	1	0
1241	0	1
1242	0	1
1243	0	1
1244	1	0
1245	0	1
1246	0	1
1247	0	1
1248	0	1
1249	0	1
1250	1	0
1251	0	1
1252	1	0
1253	0	1
1254	0	1
1255	0	1
1256	0	1
1257	0	1
1258	0	1
1259	1	0
1260	1	0
1261	1	0
1262	0	1
1263	0	1
1264	0	1
1265	1	0
1266	1	0
1267	0	1
1268	0	1
1269	1	0
1270	1	0
1271	0	1
1272	0	1
1273	0	1
1274	1	0
1275	0	1
1276	0	1
1277	1	0
1278	0	1
1279	0	1
1280	0	1
1281	1	0
1282	1	0
1283	0	1
1284	0	1
1285	0	1
1286	1	0
1287	0	1
1288	0	1
1289	1	0
1290	1	0
1291	0	1
1292	1	0
1293	0	1
1294	1	0
1295	0	1
1296	0	1
1297	0	1
1298	0	1
1299	0	1
1300	1	0
1301	0	1
1302	0	1
1303	1	0
1304	0	1
1305	0	1
1306	0	1
1307	1	0
1308	0	1
1309	0	1
1310	0	1
1311	0	1
1312	1	0
1313	1	0
1314	1	0
1315	0	1
1316	1	0
1317	0	1
1318	0	1
1319	1	0
1320	0	1
1321	0	1
1322	0	1
1323	1	0
1324	1	0
1325	0	1
1326	1	0
1327	0	1
1328	1	0
1329	0	1
1330	1	0
1331	0	1
1332	0	1
1333	0	1
1334	0	1
1335	1	0
1336	0	1
1337	0	1
1338	1	0
1339	1	0
1340	1	0
1341	1	0
1342	1	0
1343	0	1
1344	1	0
1345	0	1
1346	1	0
1347	1	0
1348	0	1
1349	1	0
1350	1	0
1351	0	1
1352	0	1
1353	0	1
1354	1	0
1355	0	1
1356	1	0
1357	0	1
1358	0	1
1359	0	1
1360	1	0
1361	1	0
1362	0	1
1363	1	0
1364	1	0
1365	0	1
1366	1	0
1367	1	0
1368	0	1
1369	0	1
1370	0	1
1371	1	0
1372	1	0
1373	0	1
1374	0	1
1375	0	1
1376	1	0
1377	1	0
1378	0	1
1379	0	1
1380	0	1
1381	0	1
1382	1	0
1383	0	1
1384	1	0
1385	0	1
1386	0	1
1387	1	0
1388	1	0
1389	0	1
1390	0	1
1391	0	1
1392	1	0
1393	1	0
1394	0	1
1395	0	1
1396	1	0
1397	1	0
1398	0	1
1399	0	1
1400	0	1
1401	1	0
1402	0	1
1403	1	0
1404	0	1
1405	0	1
1406	1	0
1407	0	1
1408	0	1
1409	1	0
1410	0	1
1411	0	1
1412	0	1
1413	0	1
1414	0	1
1415	0	1
1416	0	1
1417	0	1
1418	1	0
1419	1	0
1420	1	0
1421	0	1
1422	1	0
1423	1	0
1424	1	0
1425	1	0
1426	0	1
1427	0	1
1428	1	0
1429	0	1
1430	0	1
1431	0	1
1432	0	1
1433	0	1
1434	0	1
1435	0	1
1436	1	0
1437	1	0
1438	0	1
1439	1	0
1440	0	1
1441	0	1
1442	0	1
1443	1	0
1444	1	0
1445	0	1
1446	0	1
1447	0	1
1448	1	0
1449	1	0
1450	1	0
1451	1	0
1452	1	0
1453	0	1
1454	0	1
1455	0	1
1456	0	1
1457	0	1
1458	0	1
1459	0	1
1460	0	1
1461	0	1
1462	0	1
1463	1	0
1464	0	1
1465	0	1
1466	1	0
1467	1	0
1468	1	0
1469	0	1
1470	0	1
1471	1	0
1472	0	1
1473	0	1
1474	0	1
1475	0	1
1476	1	0
1477	1	0
1478	0	1
1479	1	0
1480	1	0
1481	0	1
1482	0	1
1483	0	1
1484	1	0
1485	0	1
1486	0	1
1487	0	1
1488	0	1
1489	1	0
1490	0	1
1491	1	0
1492	0	1
1493	1	0
1494	1	0
1495	1	0
1496	0	1
1497	0	1
1498	1	0
1499	1	0
1500	1	0
1501	0	1
1502	1	0
1503	1	0
1504	1	0
1505	0	1
1506	0	1
1507	1	0
1508	1	0
1509	1	0
1510	0	1
1511	0	1
1512	1	0
1513	1	0
1514	0	1
1515	0	1
1516	0	1
1517	0	1
1518	0	1
1519	0	1
1520	0	1
1521	0	1
1522	0	1
1523	0	1
1524	0	1
1525	1	0
1526	1	0
1527	0	1
1528	0	1
1529	0	1
1530	0	1
1531	0	1
1532	1	0
1533	1	0
1534	0	1
1535	0	1
1536	0	1
1537	1	0
1538	0	1
1539	0	1
1540	1	0
1541	0	1
1542	1	0
1543	0	1
1544	0	1
1545	0	1
1546	0	1
1547	0	1
1548	1	0
1549	1	0
1550	1	0
1551	0	1
1552	0	1
1553	0	1
1554	0	1
1555	0	1
1556	1	0
1557	1	0
1558	1	0
1559	0	1
1560	0	1
1561	1	0
1562	0	1
1563	0	1
1564	0	1
1565	0	1
1566	1	0
1567	1	0
1568	0	1
1569	0	1
1570	1	0
1571	0	1
1572	0	1
1573	0	1
1574	0	1
1575	0	1
1576	0	1
1577	1	0
1578	0	1
1579	0	1
1580	0	1
1581	0	1
1582	0	1
1583	0	1
1584	0	1
1585	0	1
1586	0	1
1587	1	0
1588	1	0
1589	0	1
1590	1	0
1591	1	0
1592	0	1
1593	0	1
1594	1	0
1595	1	0
1596	0	1
1597	0	1
1598	0	1
1599	1	0
1600	0	1
1601	0	1
1602	0	1
1603	0	1
1604	0	1
1605	0	1
1606	0	1
1607	1	0
1608	0	1
1609	0	1
1610	0	1
1611	0	1
1612	0	1
1613	1	0
1614	0	1
1615	0	1
1616	0	1
1617	1	0
1618	0	1
1619	0	1
1620	0	1
1621	1	0
1622	0	1
1623	0	1
1624	0	1
1625	1	0
1626	1	0
1627	0	1
1628	0	1
1629	1	0
1630	1	0
1631	0	1
1632	1	0
1633	0	1
1634	1	0
1635	1	0
1636	0	1
1637	1	0
1638	0	1
1639	0	1
1640	0	1
1641	0	1
1642	0	1
1643	1	0
1644	0	1
1645	0	1
1646	1	0
1647	0	1
1648	1	0
1649	0	1
1650	0	1
1651	1	0
1652	1	0
1653	0	1
1654	0	1
1655	0	1
1656	1	0
1657	0	1
1658	0	1
1659	0	1
1660	0	1
1661	0	1
1662	0	1
1663	0	1
1664	0	1
1665	0	1
1666	1	0
1667	1	0
1668	0	1
1669	0	1
1670	1	0
1671	0	1
1672	0	1
1673	0	1
1674	0	1
1675	1	0
1676	1	0
1677	0	1
1678	0	1
1679	0	1
1680	1	0
1681	1	0
1682	1	0
1683	1	0
1684	0	1
1685	0	1
1686	0	1
1687	0	1
1688	0	1
1689	0	1
1690	1	0
1691	0	1
1692	1	0
1693	1	0
1694	1	0
1695	0	1
1696	0	1
1697	0	1
1698	0	1
1699	1	0
1700	0	1
1701	0	1
1702	0	1
1703	0	1
1704	1	0
1705	1	0
1706	1	0
1707	0	1
1708	0	1
1709	1	0
1710	0	1
1711	1	0
1712	0	1
1713	0	1
1714	1	0
1715	0	1
1716	0	1
1717	0	1
1718	0	1
1719	1	0
1720	0	1
1721	0	1
1722	0	1
1723	0	1
1724	0	1
1725	0	1
1726	0	1
1727	0	1
1728	0	1
1729	1	0
1730	1	0
1731	0	1
1732	0	1
1733	1	0
1734	0	1
1735	0	1
1736	0	1
1737	0	1
1738	0	1
1739	1	0
1740	0	1
1741	0	1
1742	0	1
1743	0	1
1744	0	1
1745	0	1
1746	0	1
1747	0	1
1748	1	0
1749	0	1
1750	1	0
1751	1	0
1752	0	1
1753	0	1
1754	0	1
1755	0	1
1756	0	1
1757	0	1
1758	1	0
1759	0	1
1760	1	0
1761	0	1
1762	0	1
1763	0	1
1764	0	1
1765	1	0
1766	1	0
1767	0	1
1768	0	1
1769	1	0
1770	1	0
1771	0	1
1772	1	0
1773	1	0
1774	0	1
1775	0	1
1776	0	1
1777	0	1
1778	0	1
1779	0	1
1780	0	1
1781	0	1
1782	0	1
1783	0	1
1784	0	1
1785	1	0
1786	0	1
1787	0	1
1788	1	0
1789	0	1
1790	0	1
1791	0	1
1792	0	1
1793	0	1
1794	1	0
1795	0	1
1796	0	1
1797	1	0
1798	0	1
1799	1	0
1800	0	1
1801	1	0
1802	0	1
1803	0	1
1804	0	1
1805	0	1
1806	0	1
1807	0	1
1808	0	1
1809	0	1
1810	0	1
1811	0	1
1812	0	1
1813	0	1
1814	1	0
1815	0	1
1816	0	1
1817	1	0
1818	1	0
1819	0	1
1820	0	1
1821	0	1
1822	0	1
1823	0	1
1824	1	0
1825	0	1
1826	0	1
1827	0	1
1828	0	1
1829	0	1
1830	0	1
1831	0	1
1832	0	1
1833	0	1
1834	0	1
1835	1	0
1836	1	0
1837	1	0
1838	0	1
1839	0	1
1840	0	1
1841	0	1
1842	1	0
1843	1	0
1844	0	1
1845	0	1
1846	0	1
1847	1	0
1848	1	0
1849	0	1
1850	0	1
1851	0	1
1852	0	1
1853	0	1
1854	1	0
1855	1	0
1856	0	1
1857	0	1
1858	0	1
1859	1	0
1860	1	0
1861	1	0
1862	1	0
1863	1	0
1864	0	1
1865	0	1
1866	1	0
1867	0	1
1868	0	1
1869	1	0
1870	0	1
1871	0	1
1872	0	1
1873	0	1
1874	0	1
1875	1	0
1876	1	0
1877	1	0
1878	0	1
1879	0	1
1880	1	0
1881	1	0
1882	0	1
1883	1	0
1884	1	0
1885	1	0
1886	0	1
1887	0	1
1888	0	1
1889	0	1
1890	0	1
1891	1	0
1892	0	1
1893	1	0
1894	0	1
1895	1	0
1896	1	0
1897	0	1
1898	0	1
1899	0	1
1900	1	0
1901	0	1
1902	0	1
1903	0	1
1904	1	0
1905	0	1
1906	1	0
1907	0	1
1908	0	1
1909	1	0
1910	0	1
1911	0	1
1912	1	0
1913	1	0
1914	1	0
1915	1	0
1916	1	0
1917	1	0
1918	0	1
1919	0	1
1920	0	1
1921	0	1
1922	0	1
1923	0	1
1924	0	1
1925	0	1
1926	0	1
1927	1	0
1928	1	0
1929	1	0
1930	0	1
1931	1	0
1932	0	1
1933	0	1
1934	1	0
1935	1	0
1936	0	1
1937	0	1
1938	1	0
1939	1	0
1940	1	0
1941	0	1
1942	0	1
1943	0	1
1944	1	0
1945	0	1
1946	1	0
1947	1	0
1948	0	1
1949	1	0
1950	1	0
1951	0	1
1952	0	1
1953	1	0
1954	1	0
1955	0	1
1956	0	1
1957	0	1
1958	0	1
1959	1	0
1960	0	1
1961	0	1
1962	0	1
1963	0	1
1964	1	0
1965	0	1
1966	1	0
1967	1	0
1968	0	1
1969	0	1
1970	0	1
1971	1	0
1972	0	1
1973	0	1
1974	0	1
1975	0	1
1976	0	1
1977	1	0
1978	1	0
1979	0	1
1980	0	1
1981	0	1
1982	1	0
1983	1	0
1984	0	1
1985	0	1
1986	0	1
1987	1	0
1988	0	1
1989	0	1
1990	0	1
1991	1	0
1992	0	1
1993	1	0
1994	1	0
1995	0	1
1996	1	0
1997	0	1
1998	1	0
1999	0	1
2000	1	0
2001	1	0
2002	1	0
2003	0	1
2004	0	1
2005	1	0
2006	0	1
2007	0	1
2008	0	1
2009	1	0
2010	1	0
2011	1	0
2012	0	1
2013	0	1
2014	0	1
2015	1	0
2016	1	0
2017	0	1
2018	0	1
2019	1	0
2020	0	1
2021	0	1
2022	0	1
2023	1	0
2024	1	0
2025	1	0
2026	1	0
2027	0	1
2028	0	1
2029	0	1
2030	1	0
2031	0	1
2032	0	1
2033	0	1
2034	0	1
2035	0	1
2036	0	1
2037	1	0
2038	1	0
2039	0	1
2040	0	1
2041	1	0
2042	1	0
2043	0	1
2044	0	1
2045	1	0
2046	1	0
2047	0	1
2048	1	0
2049	0	1
2050	0	1
2051	0	1
2052	1	0
2053	0	1
2054	0	1
2055	0	1
2056	1	0
2057	0	1
2058	0	1
2059	1	0
2060	1	0
2061	1	0
2062	0	1
2063	1	0
2064	0	1
2065	0	1
2066	0	1
2067	0	1
2068	0	1
2069	0	1
2070	1	0
2071	1	0
2072	0	1
2073	0	1
2074	0	1
2075	0	1
2076	0	1
2077	0	1
2078	1	0
2079	1	0
2080	0	1
2081	0	1
2082	0	1
2083	0	1
2084	0	1
2085	0	1
2086	1	0
2087	0	1
2088	1	0
2089	0	1
2090	0	1
2091	1	0
2092	1	0
2093	0	1
2094	0	1
2095	1	0
2096	0	1
2097	0	1
2098	0	1
2099	0	1
2100	1	0
2101	0	1
2102	0	1
2103	1	0
2104	1	0
2105	0	1
2106	1	0
2107	0	1
2108	0	1
2109	0	1
2110	1	0
2111	0	1
2112	1	0
2113	0	1
2114	0	1
2115	1	0
2116	0	1
2117	0	1
2118	0	1
2119	0	1
2120	0	1
2121	0	1
2122	0	1
2123	0	1
2124	1	0
2125	0	1
2126	0	1
2127	0	1
2128	1	0
2129	0	1
2130	1	0
2131	1	0
2132	0	1
2133	0	1
2134	0	1
2135	0	1
2136	1	0
2137	1	0
2138	1	0
2139	1	0
2140	0	1
2141	1	0
2142	0	1
2143	1	0
2144	0	1
2145	0	1
2146	0	1
2147	0	1
2148	0	1
2149	0	1
2150	1	0
2151	0	1
2152	0	1
2153	0	1
2154	0	1
2155	0	1
2156	1	0
2157	1	0
2158	0	1
2159	0	1
2160	1	0
2161	1	0
2162	0	1
2163	0	1
2164	1	0
2165	0	1
2166	0	1
2167	1	0
2168	1	0
2169	1	0
2170	1	0
2171	0	1
2172	1	0
2173	1	0
2174	0	1
2175	0	1
2176	1	0
2177	0	1
2178	0	1
2179	0	1
2180	0	1
2181	0	1
2182	1	0
2183	0	1
2184	0	1
2185	0	1
2186	0	1
2187	1	0
2188	0	1
2189	0	1
2190	0	1
2191	1	0
2192	0	1
2193	0	1
2194	0	1
2195	1	0
2196	0	1
2197	0	1
2198	0	1
2199	0	1
2200	0	1
2201	1	0
2202	1	0
2203	0	1
2204	1	0
2205	0	1
2206	0	1
2207	1	0
2208	1	0
2209	1	0
2210	0	1
2211	0	1
2212	1	0
2213	0	1
2214	0	1
2215	0	1
2216	0	1
2217	0	1
2218	0	1
2219	0	1
2220	0	1
2221	1	0
2222	0	1
2223	1	0
2224	0	1
2225	0	1
2226	0	1
2227	1	0
2228	0	1
2229	1	0
2230	0	1
2231	0	1
2232	1	0
2233	0	1
2234	1	0
2235	0	1
2236	0	1
2237	0	1
2238	1	0
2239	0	1
2240	0	1
2241	0	1
2242	0	1
2243	1	0
2244	0	1
2245	1	0
2246	0	1
2247	0	1
2248	0	1
2249	1	0
2250	1	0
2251	1	0
2252	0	1
2253	1	0
2254	0	1
2255	0	1
2256	1	0
2257	0	1
2258	0	1
2259	0	1
2260	0	1
2261	0	1
2262	1	0
2263	0	1
2264	0	1
2265	0	1
2266	0	1
2267	0	1
2268	0	1
2269	0	1
2270	1	0
2271	0	1
2272	0	1
2273	1	0
2274	0	1
2275	0	1
2276	0	1
2277	0	1
2278	0	1
2279	0	1
2280	0	1
2281	0	1
2282	0	1
2283	0	1
2284	0	1
2285	0	1
2286	1	0
2287	0	1
2288	0	1
2289	1	0
2290	0	1
2291	1	0
2292	0	1
2293	1	0
2294	1	0
2295	0	1
2296	0	1
2297	0	1
2298	0	1
2299	0	1
2300	0	1
2301	0	1
2302	0	1
2303	0	1
2304	0	1
2305	1	0
2306	1	0
2307	0	1
2308	0	1
2309	0	1
2310	1	0
2311	0	1
2312	0	1
2313	1	0
2314	0	1
2315	0	1
2316	1	0
2317	0	1
2318	1	0
2319	1	0
2320	1	0
2321	1	0
2322	1	0
2323	1	0
2324	0	1
2325	0	1
2326	0	1
2327	0	1
2328	0	1
2329	1	0
2330	1	0
2331	1	0
2332	1	0
2333	0	1
2334	0	1
2335	0	1
2336	0	1
2337	0	1
2338	0	1
2339	0	1
2340	0	1
2341	0	1
2342	1	0
2343	1	0
2344	1	0
2345	1	0
2346	0	1
2347	1	0
2348	0	1
2349	1	0
2350	1	0
2351	1	0
2352	1	0
2353	0	1
2354	0	1
2355	1	0
2356	0	1
2357	1	0
2358	0	1
2359	1	0
2360	0	1
2361	0	1
2362	0	1
2363	1	0
2364	1	0
2365	1	0
2366	0	1
2367	0	1
2368	0	1
2369	0	1
2370	0	1
2371	0	1
2372	0	1
2373	0	1
2374	1	0
2375	1	0
2376	0	1
2377	0	1
2378	1	0
2379	0	1
2380	0	1
2381	0	1
2382	0	1
2383	0	1
2384	0	1
2385	1	0
2386	0	1
2387	0	1
2388	1	0
2389	0	1
2390	0	1
2391	0	1
2392	1	0
2393	1	0
2394	0	1
2395	1	0
2396	1	0
2397	0	1
2398	1	0
2399	1	0
2400	0	1
2401	0	1
2402	1	0
2403	0	1
2404	1	0
2405	0	1
2406	1	0
2407	0	1
2408	0	1
2409	1	0
2410	1	0
2411	0	1
2412	0	1
2413	0	1
2414	1	0
2415	0	1
2416	0	1
2417	0	1
2418	1	0
2419	0	1
2420	1	0
2421	0	1
2422	0	1
2423	0	1
2424	0	1
2425	1	0
2426	1	0
2427	0	1
2428	1	0
2429	1	0
2430	0	1
2431	0	1
2432	0	1
2433	0	1
2434	0	1
2435	1	0
2436	0	1
2437	0	1
2438	0	1
2439	0	1
2440	1	0
2441	0	1
2442	0	1
2443	0	1
2444	0	1
2445	0	1
2446	1	0
2447	1	0
2448	0	1
2449	0	1
2450	0	1
2451	0	1
2452	0	1
2453	0	1
2454	0	1
2455	1	0
2456	0	1
2457	0	1
2458	0	1
2459	0	1
2460	0	1
2461	0	1
2462	0	1
2463	0	1
2464	1	0
2465	1	0
2466	0	1
2467	1	0
2468	0	1
2469	1	0
2470	0	1
2471	0	1
2472	0	1
2473	0	1
2474	0	1
2475	0	1
2476	0	1
2477	0	1
2478	1	0
2479	0	1
2480	0	1
2481	1	0
2482	1	0
2483	0	1
2484	0	1
2485	1	0
2486	0	1
2487	0	1
2488	0	1
2489	0	1
2490	0	1
2491	0	1
2492	1	0
2493	1	0
2494	1	0
2495	0	1
2496	0	1
2497	1	0
2498	1	0
2499	0	1
2500	0	1
2501	0	1
2502	1	0
2503	0	1
2504	1	0
2505	1	0
2506	1	0
2507	0	1
2508	1	0
2509	0	1
2510	0	1
2511	0	1
2512	0	1
2513	0	1
2514	0	1
2515	0	1
2516	0	1
2517	0	1
2518	1	0
2519	0	1
2520	1	0
2521	1	0
2522	0	1
2523	0	1
2524	0	1
2525	0	1
2526	0	1
2527	0	1
2528	1	0
2529	0	1
2530	1	0
2531	0	1
2532	0	1
2533	0	1
2534	0	1
2535	0	1
2536	1	0
2537	0	1
2538	1	0
2539	0	1
2540	0	1
2541	1	0
2542	0	1
2543	1	0
2544	1	0
2545	1	0
2546	0	1
2547	0	1
2548	0	1
2549	1	0
2550	1	0
2551	0	1
2552	0	1
2553	0	1
2554	1	0
2555	0	1
2556	1	0
2557	1	0
2558	1	0
2559	1	0
2560	0	1
2561	1	0
2562	0	1
2563	1	0
2564	0	1
2565	1	0
2566	0	1
2567	0	1
2568	0	1
2569	0	1
2570	0	1
2571	0	1
2572	0	1
2573	0	1
2574	0	1
2575	0	1
2576	0	1
2577	1	0
2578	0	1
2579	0	1
2580	0	1
2581	0	1
2582	1	0
2583	0	1
2584	0	1
2585	0	1
2586	0	1
2587	0	1
2588	0	1
2589	0	1
2590	0	1
2591	1	0
2592	0	1
2593	1	0
2594	0	1
2595	0	1
2596	0	1
2597	0	1
2598	0	1
2599	0	1
2600	1	0
2601	0	1
2602	0	1
2603	1	0
2604	0	1
2605	0	1
2606	0	1
2607	0	1
2608	0	1
2609	0	1
2610	1	0
2611	0	1
2612	1	0
2613	0	1
2614	0	1
2615	1	0
2616	0	1
2617	0	1
2618	0	1
2619	1	0
2620	0	1
2621	0	1
2622	1	0
2623	0	1
2624	0	1
2625	0	1
2626	1	0
2627	1	0
2628	1	0
2629	0	1
2630	0	1
2631	0	1
2632	0	1
2633	0	1
2634	1	0
2635	1	0
2636	0	1
2637	0	1
2638	0	1
2639	0	1
2640	0	1
2641	1	0
2642	0	1
2643	1	0
2644	0	1
2645	1	0
2646	0	1
2647	0	1
2648	0	1
2649	0	1
2650	0	1
2651	0	1
2652	0	1
2653	0	1
2654	0	1
2655	1	0
2656	0	1
2657	0	1
2658	0	1
2659	0	1
2660	1	0
2661	1	0
2662	0	1
2663	1	0
2664	0	1
2665	1	0
2666	0	1
2667	0	1
2668	1	0
2669	0	1
2670	0	1
2671	0	1
2672	0	1
2673	0	1
2674	0	1
2675	1	0
2676	0	1
2677	1	0
2678	1	0
2679	0	1
2680	1	0
2681	1	0
2682	0	1
2683	0	1
2684	0	1
2685	1	0
2686	0	1
2687	1	0
2688	1	0
2689	1	0
2690	1	0
2691	0	1
2692	1	0
2693	0	1
2694	0	1
2695	0	1
2696	0	1
2697	1	0
2698	0	1
2699	0	1
2700	0	1
2701	1	0
2702	0	1
2703	1	0
2704	0	1
2705	1	0
2706	0	1
2707	0	1
2708	1	0
2709	1	0
2710	0	1
2711	0	1
2712	0	1
2713	0	1
2714	0	1
2715	1	0
2716	0	1
2717	0	1
2718	0	1
2719	0	1
2720	0	1
2721	0	1
2722	0	1
2723	1	0
2724	0	1
2725	0	1
2726	0	1
2727	0	1
2728	0	1
2729	0	1
2730	0	1
2731	1	0
2732	0	1
2733	0	1
2734	0	1
2735	0	1
2736	1	0
2737	0	1
2738	1	0
2739	0	1
2740	0	1
2741	0	1
2742	0	1
2743	0	1
2744	0	1
2745	0	1
2746	0	1
2747	0	1
2748	1	0
2749	0	1
2750	0	1
2751	1	0
2752	1	0
2753	0	1
2754	1	0
2755	1	0
2756	0	1
2757	1	0
2758	0	1
2759	0	1
2760	1	0
2761	0	1
2762	1	0
2763	0	1
2764	1	0
2765	1	0
2766	1	0
2767	1	0
2768	0	1
2769	1	0
2770	0	1
2771	1	0
2772	1	0
2773	0	1
2774	0	1
2775	1	0
2776	0	1
2777	1	0
2778	0	1
2779	1	0
2780	0	1
2781	0	1
2782	1	0
2783	0	1
2784	0	1
2785	0	1
2786	0	1
2787	0	1
2788	1	0
2789	0	1
2790	0	1
2791	0	1
2792	0	1
2793	1	0
2794	1	0
2795	1	0
2796	1	0
2797	0	1
2798	0	1
2799	0	1
2800	0	1
2801	1	0
2802	0	1
2803	0	1
2804	1	0
2805	0	1
2806	0	1
2807	0	1
2808	0	1
2809	1	0
2810	1	0
2811	0	1
2812	0	1
2813	0	1
2814	0	1
2815	1	0
2816	0	1
2817	0	1
2818	1	0
2819	0	1
2820	1	0
2821	0	1
2822	1	0
2823	1	0
2824	0	1
2825	0	1
2826	0	1
2827	0	1
2828	1	0
2829	0	1
2830	0	1
2831	0	1
2832	0	1
2833	1	0
2834	1	0
2835	0	1
2836	0	1
2837	1	0
2838	1	0
2839	0	1
2840	0	1
2841	0	1
2842	0	1
2843	0	1
2844	0	1
2845	0	1
2846	1	0
2847	0	1
2848	0	1
2849	0	1
2850	0	1
2851	0	1
2852	0	1
2853	0	1
2854	0	1
2855	0	1
2856	0	1
2857	1	0
2858	0	1
2859	0	1
2860	1	0
2861	1	0
2862	1	0
2863	1	0
2864	1	0
2865	0	1
2866	0	1
2867	0	1
2868	0	1
2869	0	1
2870	0	1
2871	1	0
2872	0	1
2873	0	1
2874	1	0
2875	1	0
2876	0	1
2877	0	1
2878	0	1
2879	0	1
2880	1	0
2881	0	1
2882	0	1
2883	0	1
2884	0	1
2885	0	1
2886	1	0
2887	0	1
2888	0	1
2889	0	1
2890	1	0
2891	0	1
2892	0	1
2893	1	0
2894	0	1
2895	1	0
2896	1	0
2897	0	1
2898	0	1
2899	1	0
2900	1	0
2901	0	1
2902	0	1
2903	1	0
2904	0	1
2905	1	0
2906	0	1
2907	0	1
2908	1	0
2909	0	1
2910	0	1
2911	0	1
2912	0	1
2913	1	0
2914	0	1
2915	0	1
2916	1	0
2917	1	0
2918	1	0
2919	1	0
2920	0	1
2921	1	0
2922	1	0
2923	1	0
2924	1	0
2925	0	1
2926	1	0
2927	0	1
2928	0	1
2929	0	1
2930	0	1
2931	1	0
2932	0	1
2933	0	1
2934	0	1
2935	1	0
2936	1	0
2937	0	1
2938	0	1
2939	1	0
2940	0	1
2941	1	0
2942	0	1
2943	1	0
2944	0	1
2945	0	1
2946	0	1
2947	0	1
2948	0	1
2949	1	0
2950	1	0
2951	0	1
2952	0	1
2953	0	1
2954	1	0
2955	0	1
2956	0	1
2957	1	0
2958	0	1
2959	0	1
2960	1	0
2961	1	0
2962	0	1
2963	0	1
2964	0	1
2965	0	1
2966	0	1
2967	0	1
2968	0	1
2969	1	0
2970	1	0
2971	0	1
2972	1	0
2973	0	1
2974	0	1
2975	0	1
2976	0	1
2977	0	1
2978	0	1
2979	0	1
2980	0	1
2981	0	1
2982	0	1
2983	1	0
2984	0	1
2985	1	0
2986	0	1
2987	1	0
2988	1	0
2989	1	0
2990	0	1
2991	0	1
2992	0	1
2993	0	1
2994	1	0
2995	0	1
2996	0	1
2997	0	1
2998	1	0
2999	0	1
3000	0	1
3001	0	1
3002	0	1
3003	0	1
3004	1	0
3005	1	0
3006	1	0
3007	1	0
3008	0	1
3009	0	1
3010	1	0
3011	1	0
3012	0	1
3013	1	0
3014	1	0
3015	1	0
3016	0	1
3017	1	0
3018	0	1
3019	1	0
3020	0	1
3021	0	1
3022	0	1
3023	0	1
3024	0	1
3025	1	0
3026	0	1
3027	0	1
3028	0	1
3029	1	0
3030	0	1
3031	0	1
3032	0	1
3033	1	0
3034	1	0
3035	1	0
3036	0	1
3037	1	0
3038	0	1
3039	0	1
3040	0	1
3041	1	0
3042	0	1
3043	0	1
3044	0	1
3045	0	1
3046	0	1
3047	0	1
3048	1	0
3049	0	1
3050	0	1
3051	0	1
3052	1	0
3053	1	0
3054	1	0
3055	0	1
3056	0	1
3057	0	1
3058	0	1
3059	0	1
3060	0	1
3061	0	1
3062	1	0
3063	0	1
3064	1	0
3065	0	1
3066	0	1
3067	0	1
3068	0	1
3069	0	1
3070	1	0
3071	0	1
3072	0	1
3073	0	1
3074	1	0
3075	0	1
3076	0	1
3077	0	1
3078	0	1
3079	0	1
3080	0	1
3081	0	1
3082	1	0
3083	1	0
3084	0	1
3085	1	0
3086	1	0
3087	1	0
3088	0	1
3089	0	1
3090	0	1
3091	0	1
3092	0	1
3093	1	0
3094	0	1
3095	0	1
3096	0	1
3097	0	1
3098	0	1
3099	1	0
3100	0	1
3101	0	1
3102	1	0
3103	0	1
3104	0	1
3105	0	1
3106	0	1
3107	1	0
3108	0	1
3109	0	1
3110	0	1
3111	1	0
3112	1	0
3113	0	1
3114	0	1
3115	0	1
3116	0	1
3117	0	1
3118	1	0
3119	1	0
3120	0	1
3121	0	1
3122	0	1
3123	0	1
3124	0	1
3125	0	1
3126	0	1
3127	0	1
3128	1	0
3129	0	1
3130	0	1
3131	0	1
3132	0	1
3133	0	1
3134	0	1
3135	0	1
3136	0	1
3137	0	1
3138	0	1
3139	0	1
3140	1	0
3141	0	1
3142	1	0
3143	0	1
3144	0	1
3145	1	0
3146	0	1
3147	0	1
3148	1	0
3149	0	1
3150	1	0
3151	0	1
3152	1	0
3153	0	1
3154	0	1
3155	1	0
3156	1	0
3157	0	1
3158	0	1
3159	1	0
3160	0	1
3161	0	1
3162	0	1
3163	0	1
3164	0	1
3165	1	0
3166	0	1
3167	1	0
3168	0	1
3169	0	1
3170	0	1
3171	1	0
3172	1	0
3173	0	1
3174	0	1
3175	0	1
3176	1	0
3177	0	1
3178	0	1
3179	0	1
3180	1	0
3181	0	1
3182	0	1
3183	0	1
3184	0	1
3185	0	1
3186	0	1
3187	0	1
3188	0	1
3189	1	0
3190	1	0
3191	0	1
3192	0	1
3193	0	1
3194	0	1
3195	0	1
3196	0	1
3197	0	1
3198	0	1
3199	0	1
3200	0	1
3201	1	0
3202	0	1
3203	0	1
3204	0	1
3205	1	0
3206	1	0
3207	0	1
3208	1	0
3209	1	0
3210	0	1
3211	0	1
3212	0	1
3213	0	1
3214	1	0
3215	0	1
3216	1	0
3217	1	0
3218	0	1
3219	0	1
3220	0	1
3221	0	1
3222	0	1
3223	1	0
3224	1	0
3225	0	1
3226	0	1
3227	0	1
3228	1	0
3229	0	1
3230	0	1
3231	0	1
3232	0	1
3233	1	0
3234	0	1
3235	0	1
3236	1	0
3237	1	0
3238	1	0
3239	0	1
3240	0	1
3241	0	1
3242	1	0
3243	1	0
3244	0	1
3245	0	1
3246	1	0
3247	0	1
3248	0	1
3249	0	1
3250	0	1
3251	0	1
3252	0	1
3253	0	1
3254	0	1
3255	1	0
3256	0	1
3257	1	0
3258	0	1
3259	0	1
3260	1	0
3261	0	1
3262	0	1
3263	0	1
3264	1	0
3265	1	0
3266	0	1
3267	0	1
3268	1	0
3269	0	1
3270	0	1
3271	0	1
3272	1	0
3273	1	0
3274	0	1
3275	1	0
3276	0	1
3277	1	0
3278	0	1
3279	0	1
3280	0	1
3281	0	1
3282	0	1
3283	0	1
3284	1	0
3285	1	0
3286	0	1
3287	0	1
3288	1	0
3289	0	1
3290	0	1
3291	0	1
3292	1	0
3293	1	0
3294	0	1
3295	0	1
3296	0	1
3297	0	1
3298	1	0
3299	1	0
3300	1	0
3301	0	1
3302	0	1
3303	1	0
3304	1	0
3305	1	0
3306	0	1
3307	1	0
3308	0	1
3309	0	1
3310	0	1
3311	1	0
3312	1	0
3313	1	0
3314	1	0
3315	0	1
3316	0	1
3317	0	1
3318	0	1
3319	0	1
3320	0	1
3321	1	0
3322	1	0
3323	1	0
3324	0	1
3325	1	0
3326	0	1
3327	0	1
3328	1	0
3329	1	0
3330	1	0
3331	0	1
3332	0	1
3333	1	0
3334	1	0
3335	0	1
3336	0	1
3337	0	1
3338	0	1
3339	1	0
3340	0	1
3341	0	1
3342	1	0
3343	0	1
3344	0	1
3345	1	0
3346	0	1
3347	0	1
3348	0	1
3349	1	0
3350	0	1
3351	1	0
3352	0	1
3353	0	1
3354	0	1
3355	1	0
3356	1	0
3357	0	1
3358	1	0
3359	0	1
3360	0	1
3361	0	1
3362	0	1
3363	0	1
3364	0	1
3365	1	0
3366	1	0
3367	0	1
3368	0	1
3369	0	1
3370	0	1
3371	0	1
3372	0	1
3373	1	0
3374	1	0
3375	0	1
3376	0	1
3377	0	1
3378	1	0
3379	1	0
3380	0	1
3381	1	0
3382	0	1
3383	1	0
3384	0	1
3385	1	0
3386	0	1
3387	0	1
3388	0	1
3389	1	0
3390	1	0
3391	1	0
3392	0	1
3393	1	0
3394	0	1
3395	0	1
3396	0	1
3397	1	0
3398	0	1
3399	0	1
3400	1	0
3401	0	1
3402	0	1
3403	1	0
3404	0	1
3405	0	1
3406	0	1
3407	0	1
3408	0	1
3409	1	0
3410	0	1
3411	0	1
3412	0	1
3413	0	1
3414	1	0
3415	1	0
3416	0	1
3417	1	0
3418	1	0
3419	1	0
3420	0	1
3421	0	1
3422	0	1
3423	1	0
3424	1	0
3425	0	1
3426	1	0
3427	0	1
3428	0	1
3429	1	0
3430	1	0
3431	1	0
3432	1	0
3433	1	0
3434	0	1
3435	1	0
3436	1	0
3437	1	0
3438	1	0
3439	1	0
3440	0	1
3441	0	1
3442	0	1
3443	0	1
3444	1	0
3445	0	1
3446	0	1
3447	0	1
3448	0	1
3449	0	1
3450	0	1
3451	0	1
3452	0	1
3453	1	0
3454	0	1
3455	1	0
3456	0	1
3457	1	0
3458	0	1
3459	0	1
3460	1	0
3461	1	0
3462	0	1
3463	0	1
3464	1	0
3465	0	1
3466	0	1
3467	1	0
3468	0	1
3469	0	1
3470	0	1
3471	1	0
3472	0	1
3473	1	0
3474	0	1
3475	0	1
3476	1	0
3477	0	1
3478	0	1
3479	1	0
3480	0	1
3481	0	1
3482	0	1
3483	0	1
3484	0	1
3485	0	1
3486	0	1
3487	0	1
3488	1	0
3489	0	1
3490	1	0
3491	0	1
3492	0	1
3493	1	0
3494	0	1
3495	0	1
3496	1	0
3497	1	0
3498	1	0
3499	0	1
3500	1	0
3501	0	1
3502	1	0
3503	0	1
3504	1	0
3505	1	0
3506	1	0
3507	0	1
3508	0	1
3509	0	1
3510	1	0
3511	0	1
3512	0	1
3513	0	1
3514	0	1
3515	0	1
3516	0	1
3517	0	1
3518	0	1
3519	0	1
3520	1	0
3521	0	1
3522	1	0
3523	0	1
3524	1	0
3525	0	1
3526	0	1
3527	0	1
3528	0	1
3529	1	0
3530	0	1
3531	0	1
3532	0	1
3533	0	1
3534	0	1
3535	1	0
3536	0	1
3537	0	1
3538	0	1
3539	0	1
3540	0	1
3541	0	1
3542	0	1
3543	1	0
3544	1	0
3545	1	0
3546	1	0
3547	0	1
3548	1	0
3549	0	1
3550	0	1
3551	0	1
3552	0	1
3553	1	0
3554	0	1
3555	1	0
3556	0	1
3557	0	1
3558	0	1
3559	1	0
3560	0	1
3561	0	1
3562	0	1
3563	1	0
3564	1	0
3565	0	1
3566	0	1
3567	1	0
3568	0	1
3569	1	0
3570	0	1
3571	0	1
3572	0	1
3573	0	1
3574	1	0
3575	1	0
3576	0	1
3577	0	1
3578	0	1
3579	1	0
3580	1	0
3581	0	1
3582	0	1
3583	1	0
3584	1	0
3585	1	0
3586	1	0
3587	1	0
3588	0	1
3589	0	1
3590	0	1
3591	0	1
3592	0	1
3593	0	1
3594	1	0
3595	1	0
3596	0	1
3597	1	0
3598	0	1
3599	1	0
3600	1	0
3601	1	0
3602	0	1
3603	1	0
3604	1	0
3605	0	1
3606	0	1
3607	0	1
3608	0	1
3609	1	0
3610	0	1
3611	1	0
3612	1	0
3613	0	1
3614	1	0
3615	0	1
3616	0	1
3617	1	0
3618	0	1
3619	0	1
3620	0	1
3621	1	0
3622	1	0
3623	0	1
3624	0	1
3625	1	0
3626	0	1
3627	1	0
3628	1	0
3629	0	1
3630	0	1
3631	1	0
3632	0	1
3633	0	1
3634	0	1
3635	1	0
3636	0	1
3637	0	1
3638	1	0
3639	0	1
3640	0	1
3641	0	1
3642	0	1
3643	0	1
3644	0	1
3645	0	1
3646	0	1
3647	0	1
3648	0	1
3649	1	0
3650	0	1
3651	0	1
3652	0	1
3653	0	1
3654	0	1
3655	0	1
3656	1	0
3657	1	0
3658	0	1
3659	0	1
3660	0	1
3661	0	1
3662	1	0
3663	0	1
3664	0	1
3665	0	1
3666	0	1
3667	1	0
3668	0	1
3669	1	0
3670	0	1
3671	0	1
3672	0	1
3673	1	0
3674	0	1
3675	0	1
3676	0	1
3677	0	1
3678	0	1
3679	1	0
3680	0	1
3681	1	0
3682	0	1
3683	0	1
3684	0	1
3685	1	0
3686	0	1
3687	1	0
3688	1	0
3689	1	0
3690	0	1
3691	0	1
3692	0	1
3693	0	1
3694	0	1
3695	1	0
3696	0	1
3697	0	1
3698	1	0
3699	0	1
3700	1	0
3701	0	1
3702	1	0
3703	1	0
3704	1	0
3705	1	0
3706	0	1
3707	0	1
3708	0	1
3709	1	0
3710	0	1
3711	1	0
3712	1	0
3713	1	0
3714	0	1
3715	0	1
3716	0	1
3717	1	0
3718	0	1
3719	0	1
3720	1	0
3721	0	1
3722	0	1
3723	0	1
3724	0	1
3725	1	0
3726	0	1
3727	1	0
3728	0	1
3729	1	0
3730	1	0
3731	0	1
3732	0	1
3733	0	1
3734	0	1
3735	1	0
3736	0	1
3737	0	1
3738	0	1
3739	1	0
3740	0	1
3741	0	1
3742	0	1
3743	0	1
3744	0	1
3745	0	1
3746	0	1
3747	1	0
3748	0	1
3749	0	1
3750	0	1
3751	1	0
3752	0	1
3753	1	0
3754	1	0
3755	0	1
3756	1	0
3757	1	0
3758	1	0
3759	0	1
3760	0	1
3761	0	1
3762	0	1
3763	1	0
3764	0	1
3765	1	0
3766	1	0
3767	0	1
3768	0	1
3769	0	1
3770	0	1
3771	1	0
3772	0	1
3773	1	0
3774	0	1
3775	1	0
3776	0	1
3777	0	1
3778	0	1
3779	0	1
3780	0	1
3781	0	1
3782	0	1
3783	1	0
3784	0	1
3785	0	1
3786	0	1
3787	0	1
3788	0	1
3789	0	1
3790	0	1
3791	0	1
3792	1	0
3793	1	0
3794	0	1
3795	0	1
3796	1	0
3797	0	1
3798	0	1
3799	0	1
3800	0	1
3801	0	1
3802	1	0
3803	0	1
3804	1	0
3805	0	1
3806	0	1
3807	0	1
3808	1	0
3809	0	1
3810	0	1
3811	0	1
3812	1	0
3813	1	0
3814	0	1
3815	1	0
3816	0	1
3817	0	1
3818	0	1
3819	0	1
3820	1	0
3821	0	1
3822	0	1
3823	0	1
3824	0	1
3825	1	0
3826	1	0
3827	1	0
3828	1	0
3829	0	1
3830	0	1
3831	1	0
3832	0	1
3833	0	1
3834	1	0
3835	0	1
3836	1	0
3837	0	1
3838	1	0
3839	1	0
3840	0	1
3841	0	1
3842	1	0
3843	0	1
3844	0	1
3845	0	1
3846	0	1
3847	0	1
3848	0	1
3849	0	1
3850	0	1
3851	1	0
3852	0	1
3853	0	1
3854	0	1
3855	0	1
3856	0	1
3857	0	1
3858	0	1
3859	0	1
3860	0	1
3861	0	1
3862	0	1
3863	0	1
3864	1	0
3865	0	1
3866	0	1
3867	0	1
3868	1	0
3869	1	0
3870	0	1
3871	0	1
3872	0	1
3873	0	1
3874	1	0
3875	0	1
3876	0	1
3877	0	1
3878	0	1
3879	0	1
3880	0	1
3881	0	1
3882	0	1
3883	1	0
3884	1	0
3885	0	1
3886	1	0
3887	0	1
3888	1	0
3889	1	0
3890	1	0
3891	0	1
3892	1	0
3893	1	0
3894	1	0
3895	1	0
3896	0	1
3897	0	1
3898	0	1
3899	1	0
3900	0	1
3901	0	1
3902	1	0
3903	0	1
3904	1	0
3905	0	1
3906	0	1
3907	1	0
3908	1	0
3909	0	1
3910	0	1
3911	0	1
3912	0	1
3913	0	1
3914	0	1
3915	0	1
3916	1	0
3917	0	1
3918	0	1
3919	1	0
3920	0	1
3921	0	1
3922	0	1
3923	1	0
3924	1	0
3925	1	0
3926	1	0
3927	1	0
3928	0	1
3929	0	1
3930	1	0
3931	0	1
3932	1	0
3933	0	1
3934	0	1
3935	1	0
3936	1	0
3937	0	1
3938	0	1
3939	0	1
3940	1	0
3941	1	0
3942	0	1
3943	1	0
3944	0	1
3945	1	0
3946	1	0
3947	1	0
3948	0	1
3949	0	1
3950	0	1
3951	1	0
3952	0	1
3953	0	1
3954	1	0
3955	1	0
3956	1	0
3957	1	0
3958	0	1
3959	0	1
3960	0	1
3961	1	0
3962	1	0
3963	1	0
3964	0	1
3965	0	1
3966	0	1
3967	1	0
3968	0	1
3969	0	1
3970	0	1
3971	0	1
3972	0	1
3973	0	1
3974	0	1
3975	0	1
3976	1	0
3977	1	0
3978	1	0
3979	1	0
3980	0	1
3981	0	1
3982	1	0
3983	1	0
3984	1	0
3985	0	1
3986	0	1
3987	0	1
3988	1	0
3989	1	0
3990	0	1
3991	1	0
3992	1	0
3993	0	1
3994	1	0
3995	0	1
3996	0	1
3997	0	1
3998	0	1
3999	0	1
4000	0	1
4001	0	1
4002	1	0
4003	1	0
4004	0	1
4005	0	1
4006	0	1
4007	1	0
4008	0	1
4009	0	1
4010	1	0
4011	0	1
4012	1	0
4013	0	1
4014	0	1
4015	1	0
4016	0	1
4017	0	1
4018	1	0
4019	0	1
4020	0	1
4021	1	0
4022	1	0
4023	0	1
4024	1	0
4025	0	1
4026	1	0
4027	1	0
4028	1	0
4029	1	0
4030	1	0
4031	1	0
4032	0	1
4033	1	0
4034	1	0
4035	0	1
4036	1	0
4037	0	1
4038	0	1
4039	0	1
4040	1	0
4041	1	0
4042	0	1
4043	1	0
4044	1	0
4045	0	1
4046	0	1
4047	1	0
4048	0	1
4049	0	1
4050	1	0
4051	0	1
4052	0	1
4053	1	0
4054	0	1
4055	0	1
4056	1	0
4057	1	0
4058	0	1
4059	0	1
4060	0	1
4061	1	0
4062	0	1
4063	1	0
4064	1	0
4065	1	0
4066	1	0
4067	0	1
4068	1	0
4069	1	0
4070	0	1
4071	0	1
4072	0	1
4073	0	1
4074	0	1
4075	1	0
4076	1	0
4077	0	1
4078	1	0
4079	0	1
4080	1	0
4081	0	1
4082	0	1
4083	0	1
4084	0	1
4085	1	0
4086	1	0
4087	0	1
4088	0	1
4089	0	1
4090	0	1
4091	1	0
4092	0	1
4093	0	1
4094	0	1
4095	0	1
4096	1	0
4097	0	1
4098	0	1
4099	0	1
4100	1	0
4101	0	1
4102	1	0
4103	1	0
4104	1	0
4105	0	1
4106	1	0
4107	0	1
4108	1	0
4109	0	1
4110	0	1
4111	1	0
4112	1	0
4113	0	1
4114	1	0
4115	0	1
4116	0	1
4117	0	1
4118	0	1
4119	1	0
4120	0	1
4121	0	1
4122	0	1
4123	0	1
4124	0	1
4125	0	1
4126	0	1
4127	1	0
4128	1	0
4129	1	0
4130	1	0
4131	1	0
4132	1	0
4133	0	1
4134	0	1
4135	1	0
4136	0	1
4137	0	1
4138	0	1
4139	0	1
4140	0	1
4141	0	1
4142	1	0
4143	1	0
4144	0	1
4145	0	1
4146	0	1
4147	1	0
4148	0	1
4149	0	1
4150	1	0
4151	0	1
4152	1	0
4153	0	1
4154	0	1
4155	1	0
4156	0	1
4157	0	1
4158	0	1
4159	0	1
4160	0	1
4161	1	0
4162	1	0
4163	0	1
4164	0	1
4165	0	1
4166	0	1
4167	0	1
4168	1	0
4169	1	0
4170	0	1
4171	0	1
4172	1	0
4173	0	1
4174	0	1
4175	0	1
4176	0	1
4177	1	0
4178	1	0
4179	1	0
4180	0	1
4181	0	1
4182	0	1
4183	0	1
4184	1	0
4185	1	0
4186	0	1
4187	1	0
4188	1	0
4189	0	1
4190	1	0
4191	1	0
4192	0	1
4193	0	1
4194	0	1
4195	1	0
4196	1	0
4197	0	1
4198	1	0
4199	1	0
4200	0	1
4201	0	1
4202	0	1
4203	0	1
4204	0	1
4205	0	1
4206	0	1
4207	0	1
4208	1	0
4209	0	1
4210	0	1
4211	0	1
4212	0	1
4213	0	1
4214	0	1
4215	0	1
4216	0	1
4217	0	1
4218	0	1
4219	0	1
4220	1	0
4221	0	1
4222	0	1
4223	1	0
4224	0	1
4225	0	1
4226	1	0
4227	0	1
4228	0	1
4229	0	1
4230	1	0
4231	0	1
4232	0	1
4233	0	1
4234	1	0
4235	0	1
4236	0	1
4237	0	1
4238	0	1
4239	0	1
4240	0	1
4241	0	1
4242	0	1
4243	0	1
4244	0	1
4245	0	1
4246	0	1
4247	0	1
4248	1	0
4249	1	0
4250	0	1
4251	0	1
4252	0	1
4253	0	1
4254	0	1
4255	0	1
4256	0	1
4257	1	0
4258	0	1
4259	0	1
4260	1	0
4261	0	1
4262	1	0
4263	1	0
4264	0	1
4265	1	0
4266	0	1
4267	1	0
4268	1	0
4269	0	1
4270	0	1
4271	0	1
4272	1	0
4273	1	0
4274	1	0
4275	0	1
4276	1	0
4277	0	1
4278	0	1
4279	0	1
4280	0	1
4281	0	1
4282	0	1
4283	0	1
4284	1	0
4285	0	1
4286	0	1
4287	1	0
4288	0	1
4289	0	1
4290	1	0
4291	1	0
4292	0	1
4293	0	1
4294	1	0
4295	0	1
4296	1	0
4297	0	1
4298	0	1
4299	1	0
4300	0	1
4301	1	0
4302	1	0
4303	0	1
4304	0	1
4305	0	1
4306	0	1
4307	0	1
4308	0	1
4309	0	1
4310	1	0
4311	1	0
4312	0	1
4313	0	1
4314	1	0
4315	0	1
4316	0	1
4317	1	0
4318	0	1
4319	1	0
4320	0	1
4321	1	0
4322	0	1
4323	0	1
4324	1	0
4325	0	1
4326	0	1
4327	1	0
4328	1	0
4329	1	0
4330	0	1
4331	0	1
4332	1	0
4333	0	1
4334	0	1
4335	0	1
4336	0	1
4337	0	1
4338	1	0
4339	0	1
4340	1	0
4341	1	0
4342	1	0
4343	1	0
4344	0	1
4345	0	1
4346	1	0
4347	0	1
4348	0	1
4349	0	1
4350	0	1
4351	0	1
4352	1	0
4353	1	0
4354	0	1
4355	0	1
4356	1	0
4357	1	0
4358	0	1
4359	0	1
4360	0	1
4361	1	0
4362	0	1
4363	0	1
4364	0	1
4365	0	1
4366	0	1
4367	0	1
4368	1	0
4369	1	0
4370	0	1
4371	0	1
4372	0	1
4373	1	0
4374	1	0
4375	1	0
4376	0	1
4377	0	1
4378	0	1
4379	1	0
4380	0	1
4381	0	1
4382	0	1
4383	0	1
4384	0	1
4385	1	0
4386	1	0
4387	0	1
4388	1	0
4389	0	1
4390	0	1
4391	0	1
4392	0	1
4393	1	0
4394	0	1
4395	0	1
4396	0	1
4397	0	1
4398	1	0
4399	1	0
4400	1	0
4401	0	1
4402	0	1
4403	0	1
4404	0	1
4405	0	1
4406	0	1
4407	0	1
4408	1	0
4409	1	0
4410	0	1
4411	1	0
4412	0	1
4413	0	1
4414	0	1
4415	0	1
4416	1	0
4417	0	1
4418	0	1
4419	0	1
4420	0	1
4421	1	0
4422	0	1
4423	0	1
4424	0	1
4425	0	1
4426	0	1
4427	1	0
4428	0	1
4429	0	1
4430	0	1
4431	1	0
4432	0	1
4433	0	1
4434	1	0
4435	0	1
4436	1	0
4437	0	1
4438	0	1
4439	0	1
4440	0	1
4441	0	1
4442	0	1
4443	0	1
4444	1	0
4445	0	1
4446	0	1
4447	0	1
4448	0	1
4449	0	1
4450	0	1
4451	0	1
4452	1	0
4453	0	1
4454	0	1
4455	1	0
4456	1	0
4457	1	0
4458	0	1
4459	0	1
4460	0	1
4461	0	1
4462	1	0
4463	0	1
4464	1	0
4465	0	1
4466	0	1
4467	1	0
4468	0	1
4469	0	1
4470	0	1
4471	1	0
4472	0	1
4473	1	0
4474	1	0
4475	1	0
4476	1	0
4477	0	1
4478	0	1
4479	1	0
4480	1	0
4481	0	1
4482	0	1
4483	0	1
4484	0	1
4485	0	1
4486	0	1
4487	0	1
4488	0	1
4489	0	1
4490	0	1
4491	1	0
4492	0	1
4493	0	1
4494	1	0
4495	1	0
4496	0	1
4497	0	1
4498	0	1
4499	1	0
4500	1	0
4501	1	0
4502	0	1
4503	0	1
4504	0	1
4505	0	1
4506	0	1
4507	1	0
4508	0	1
4509	0	1
4510	0	1
4511	0	1
4512	0	1
4513	0	1
4514	0	1
4515	0	1
4516	0	1
4517	1	0
4518	0	1
4519	0	1
4520	1	0
4521	0	1
4522	0	1
4523	0	1
4524	1	0
4525	0	1
4526	1	0
4527	0	1
4528	1	0
4529	0	1
4530	1	0
4531	0	1
4532	0	1
4533	1	0
4534	0	1
4535	0	1
4536	0	1
4537	1	0
4538	0	1
4539	0	1
4540	0	1
4541	0	1
4542	0	1
4543	1	0
4544	0	1
4545	0	1
4546	0	1
4547	0	1
4548	1	0
4549	1	0
4550	1	0
4551	0	1
4552	0	1
4553	1	0
4554	1	0
4555	0	1
4556	0	1
4557	0	1
4558	0	1
4559	0	1
4560	1	0
4561	0	1
4562	0	1
4563	0	1
4564	0	1
4565	0	1
4566	0	1
4567	0	1
4568	0	1
4569	0	1
4570	1	0
4571	0	1
4572	0	1
4573	0	1
4574	1	0
4575	1	0
4576	0	1
4577	0	1
4578	1	0
4579	0	1
4580	1	0
4581	1	0
4582	1	0
4583	0	1
4584	0	1
4585	0	1
4586	1	0
4587	0	1
4588	0	1
4589	0	1
4590	1	0
4591	1	0
4592	0	1
4593	1	0
4594	0	1
4595	0	1
4596	0	1
4597	0	1
4598	1	0
4599	0	1
4600	0	1
4601	0	1
4602	1	0
4603	0	1
4604	0	1
4605	1	0
4606	1	0
4607	0	1
4608	1	0
4609	0	1
4610	0	1
4611	0	1
4612	1	0
4613	0	1
4614	0	1
4615	0	1
4616	0	1
4617	0	1
4618	1	0
4619	0	1
4620	0	1
4621	1	0
4622	0	1
4623	0	1
4624	0	1
4625	0	1
4626	0	1
4627	0	1
4628	0	1
4629	1	0
4630	0	1
4631	0	1
4632	0	1
4633	0	1
4634	0	1
4635	0	1
4636	1	0
4637	1	0
4638	1	0
4639	0	1
4640	0	1
4641	1	0
4642	1	0
4643	1	0
4644	1	0
4645	0	1
4646	1	0
4647	1	0
4648	0	1
4649	0	1
4650	1	0
4651	0	1
4652	0	1
4653	1	0
4654	0	1
4655	1	0
4656	0	1
4657	1	0
4658	1	0
4659	1	0
4660	0	1
4661	0	1
4662	0	1
4663	1	0
4664	0	1
4665	0	1
4666	0	1
4667	0	1
4668	1	0
4669	0	1
4670	0	1
4671	0	1
4672	0	1
4673	1	0
4674	0	1
4675	0	1
4676	0	1
4677	0	1
4678	0	1
4679	0	1
4680	1	0
4681	1	0
4682	1	0
4683	0	1
4684	0	1
4685	0	1
4686	0	1
4687	0	1
4688	0	1
4689	1	0
4690	0	1
4691	0	1
4692	0	1
4693	1	0
4694	0	1
4695	0	1
4696	1	0
4697	0	1
4698	1	0
4699	1	0
4700	1	0
4701	0	1
4702	1	0
4703	1	0
4704	1	0
4705	0	1
4706	1	0
4707	0	1
4708	1	0
4709	0	1
4710	0	1
4711	0	1
4712	0	1
4713	1	0
4714	1	0
4715	0	1
4716	0	1
4717	1	0
4718	0	1
4719	0	1
4720	0	1
4721	1	0
4722	1	0
4723	0	1
4724	1	0
4725	0	1
4726	0	1
4727	0	1
4728	1	0
4729	1	0
4730	0	1
4731	0	1
4732	0	1
4733	0	1
4734	0	1
4735	0	1
4736	0	1
4737	0	1
4738	0	1
4739	0	1
4740	0	1
4741	1	0
4742	0	1
4743	1	0
4744	0	1
4745	0	1
4746	0	1
4747	1	0
4748	0	1
4749	0	1
4750	0	1
4751	1	0
4752	0	1
4753	0	1
4754	1	0
4755	0	1
4756	1	0
4757	0	1
4758	1	0
4759	1	0
4760	1	0
4761	1	0
4762	0	1
4763	1	0
4764	0	1
4765	0	1
4766	0	1
4767	1	0
4768	0	1
4769	0	1
4770	0	1
4771	1	0
4772	1	0
4773	0	1
4774	0	1
4775	0	1
4776	1	0
4777	0	1
4778	1	0
4779	0	1
4780	1	0
4781	0	1
4782	0	1
4783	0	1
4784	0	1
4785	0	1
4786	0	1
4787	1	0
4788	0	1
4789	1	0
4790	0	1
4791	1	0
4792	0	1
4793	0	1
4794	0	1
4795	1	0
4796	0	1
4797	1	0
4798	1	0
4799	0	1
4800	0	1
4801	0	1
4802	0	1
4803	0	1
4804	0	1
4805	1	0
4806	0	1
4807	0	1
4808	0	1
4809	1	0
4810	1	0
4811	0	1
4812	0	1
4813	1	0
4814	1	0
4815	0	1
4816	1	0
4817	1	0
4818	1	0
4819	0	1
4820	1	0
4821	0	1
4822	0	1
4823	0	1
4824	0	1
4825	1	0
4826	0	1
4827	0	1
4828	0	1
4829	1	0
4830	1	0
4831	1	0
4832	0	1
4833	1	0
4834	1	0
4835	0	1
4836	0	1
4837	0	1
4838	0	1
4839	1	0
4840	1	0
4841	1	0
4842	0	1
4843	0	1
4844	0	1
4845	0	1
4846	1	0
4847	0	1
4848	0	1
4849	1	0
4850	0	1
4851	0	1
4852	0	1
4853	1	0
4854	1	0
4855	0	1
4856	0	1
4857	1	0
4858	0	1
4859	0	1
4860	1	0
4861	0	1
4862	0	1
4863	0	1
4864	0	1
4865	0	1
4866	1	0
4867	0	1
4868	0	1
4869	0	1
4870	0	1
4871	1	0
4872	1	0
4873	0	1
4874	0	1
4875	1	0
4876	1	0
4877	0	1
4878	0	1
4879	0	1
4880	0	1
4881	0	1
4882	0	1
4883	1	0
4884	0	1
4885	0	1
4886	0	1
4887	1	0
4888	0	1
4889	1	0
4890	0	1
4891	0	1
4892	0	1
4893	0	1
4894	0	1
4895	1	0
4896	0	1
4897	0	1
4898	1	0
4899	1	0
4900	0	1
4901	0	1
4902	1	0
4903	0	1
4904	0	1
4905	1	0
4906	0	1
4907	0	1
4908	1	0
4909	0	1
4910	0	1
4911	1	0
4912	1	0
4913	0	1
4914	0	1
4915	1	0
4916	0	1
4917	0	1
4918	1	0
4919	0	1
4920	1	0
4921	0	1
4922	1	0
4923	1	0
4924	0	1
4925	0	1
4926	1	0
4927	0	1
4928	1	0
4929	1	0
4930	1	0
4931	1	0
4932	1	0
4933	0	1
4934	0	1
4935	1	0
4936	0	1
4937	0	1
4938	0	1
4939	1	0
4940	1	0
4941	0	1
4942	1	0
4943	0	1
4944	0	1
4945	0	1
4946	0	1
4947	1	0
4948	0	1
4949	1	0
4950	0	1
4951	0	1
4952	0	1
4953	0	1
4954	1	0
4955	0	1
4956	0	1
4957	0	1
4958	0	1
4959	1	0
4960	1	0
4961	0	1
4962	0	1
4963	0	1
4964	0	1
4965	0	1
4966	0	1
4967	0	1
4968	0	1
4969	0	1
4970	0	1
4971	0	1
4972	1	0
4973	0	1
4974	0	1
4975	0	1
4976	0	1
4977	0	1
4978	0	1
4979	1	0
4980	0	1
4981	0	1
4982	0	1
4983	0	1
4984	1	0
4985	0	1
4986	0	1
4987	1	0
4988	0	1
4989	0	1
4990	0	1
4991	0	1
4992	0	1
4993	1	0
4994	1	0
4995	0	1
4996	0	1
4997	0	1
4998	1	0
4999	0	1
5000	0	1
5001	0	1
5002	0	1
5003	0	1
5004	0	1
5005	1	0
5006	0	1
5007	0	1
5008	0	1
5009	1	0
5010	0	1
5011	0	1
5012	0	1
5013	0	1
5014	0	1
5015	0	1
5016	1	0
5017	1	0
5018	0	1
5019	0	1
5020	0	1
5021	0	1
5022	1	0
5023	0	1
5024	0	1
5025	1	0
5026	0	1
5027	1	0
5028	0	1
5029	0	1
5030	0	1
5031	0	1
5032	1	0
5033	1	0
5034	0	1
5035	0	1
5036	1	0
5037	0	1
5038	1	0
5039	0	1
5040	0	1
5041	0	1
5042	0	1
5043	1	0
5044	0	1
5045	1	0
5046	0	1
5047	0	1
5048	0	1
5049	0	1
5050	0	1
5051	1	0
5052	0	1
5053	0	1
5054	0	1
5055	0	1
5056	1	0
5057	0	1
5058	0	1
5059	1	0
5060	1	0
5061	0	1
5062	0	1
5063	0	1
5064	0	1
5065	1	0
5066	0	1
5067	0	1
5068	0	1
5069	0	1
5070	1	0
5071	0	1
5072	0	1
5073	0	1
5074	0	1
5075	0	1
5076	1	0
5077	0	1
5078	1	0
5079	1	0
5080	0	1
5081	0	1
5082	0	1
5083	0	1
5084	1	0
5085	0	1
5086	0	1
5087	0	1
5088	0	1
5089	0	1
5090	1	0
5091	0	1
5092	1	0
5093	0	1
5094	0	1
5095	1	0
5096	0	1
5097	1	0
5098	1	0
5099	0	1
5100	0	1
5101	1	0
5102	0	1
5103	1	0
5104	0	1
5105	0	1
5106	1	0
5107	1	0
5108	1	0
5109	0	1
5110	0	1
5111	0	1
5112	0	1
5113	1	0
5114	0	1
5115	1	0
5116	1	0
5117	0	1
5118	1	0
5119	0	1
5120	1	0
5121	0	1
5122	0	1
5123	1	0
5124	1	0
5125	0	1
5126	0	1
5127	1	0
5128	1	0
5129	0	1
5130	0	1
5131	0	1
5132	0	1
5133	1	0
5134	1	0
5135	0	1
5136	0	1
5137	0	1
5138	0	1
5139	1	0
5140	0	1
5141	0	1
5142	0	1
5143	0	1
5144	0	1
5145	0	1
5146	0	1
5147	0	1
5148	0	1
5149	0	1
5150	0	1
5151	0	1
5152	0	1
5153	1	0
5154	1	0
5155	0	1
5156	0	1
5157	1	0
5158	1	0
5159	1	0
5160	0	1
5161	0	1
5162	1	0
5163	0	1
5164	0	1
5165	0	1
5166	0	1
5167	1	0
5168	1	0
5169	1	0
5170	0	1
5171	0	1
5172	1	0
5173	0	1
5174	0	1
5175	1	0
5176	0	1
5177	1	0
5178	0	1
5179	1	0
5180	1	0
5181	0	1
5182	0	1
5183	0	1
5184	0	1
5185	0	1
5186	0	1
5187	0	1
5188	0	1
5189	0	1
5190	1	0
5191	1	0
5192	0	1
5193	1	0
5194	0	1
5195	1	0
5196	0	1
5197	1	0
5198	1	0
5199	0	1
5200	0	1
5201	1	0
5202	1	0
5203	1	0
5204	0	1
5205	0	1
5206	0	1
5207	0	1
5208	1	0
5209	0	1
5210	0	1
5211	1	0
5212	0	1
5213	0	1
5214	1	0
5215	0	1
5216	0	1
5217	0	1
5218	0	1
5219	0	1
5220	0	1
5221	0	1
5222	0	1
5223	0	1
5224	1	0
5225	0	1
5226	0	1
5227	0	1
5228	1	0
5229	0	1
5230	1	0
5231	1	0
5232	0	1
5233	0	1
5234	1	0
5235	1	0
5236	1	0
5237	1	0
5238	0	1
5239	0	1
5240	1	0
5241	0	1
5242	1	0
5243	0	1
5244	1	0
5245	0	1
5246	0	1
5247	0	1
5248	0	1
5249	1	0
5250	1	0
5251	0	1
5252	1	0
5253	0	1
5254	1	0
5255	0	1
5256	0	1
5257	0	1
5258	1	0
5259	0	1
5260	1	0
5261	0	1
5262	0	1
5263	1	0
5264	1	0
5265	0	1
5266	0	1
5267	0	1
5268	1	0
5269	0	1
5270	0	1
5271	1	0
5272	1	0
5273	1	0
5274	1	0
5275	0	1
5276	1	0
5277	1	0
5278	1	0
5279	1	0
5280	0	1
5281	0	1
5282	0	1
5283	1	0
5284	0	1
5285	1	0
5286	1	0
5287	1	0
5288	0	1
5289	0	1
5290	0	1
5291	0	1
5292	0	1
5293	0	1
5294	0	1
5295	0	1
5296	1	0
5297	0	1
5298	1	0
5299	0	1
5300	1	0
5301	1	0
5302	0	1
5303	0	1
5304	0	1
5305	0	1
5306	0	1
5307	1	0
5308	0	1
5309	0	1
5310	0	1
5311	0	1
5312	0	1
5313	0	1
5314	0	1
5315	0	1
5316	0	1
5317	1	0
5318	0	1
5319	1	0
5320	0	1
5321	0	1
5322	0	1
5323	1	0
5324	0	1
5325	0	1
5326	0	1
5327	0	1
5328	1	0
5329	0	1
5330	0	1
5331	0	1
5332	0	1
5333	1	0
5334	0	1
5335	1	0
5336	0	1
5337	0	1
5338	1	0
5339	0	1
5340	0	1
5341	1	0
5342	0	1
5343	0	1
5344	0	1
5345	0	1
5346	1	0
5347	1	0
5348	0	1
5349	1	0
5350	1	0
5351	0	1
5352	1	0
5353	0	1
5354	1	0
5355	0	1
5356	0	1
5357	0	1
5358	0	1
5359	0	1
5360	0	1
5361	1	0
5362	1	0
5363	1	0
5364	0	1
5365	1	0
5366	0	1
5367	0	1
5368	1	0
5369	1	0
5370	0	1
5371	0	1
5372	0	1
5373	1	0
5374	0	1
5375	0	1
5376	0	1
5377	1	0
5378	0	1
5379	0	1
5380	0	1
5381	0	1
5382	1	0
5383	1	0
5384	0	1
5385	0	1
5386	1	0
5387	0	1
5388	0	1
5389	0	1
5390	0	1
5391	0	1
5392	1	0
5393	0	1
5394	1	0
5395	0	1
5396	1	0
5397	0	1
5398	1	0
5399	0	1
5400	0	1
5401	0	1
5402	0	1
5403	1	0
5404	0	1
5405	0	1
5406	0	1
5407	1	0
5408	0	1
5409	1	0
5410	0	1
5411	1	0
5412	1	0
5413	0	1
5414	0	1
5415	0	1
5416	0	1
5417	0	1
5418	1	0
5419	0	1
5420	0	1
5421	0	1
5422	1	0
5423	0	1
5424	0	1
5425	0	1
5426	1	0
5427	1	0
5428	0	1
5429	0	1
5430	1	0
5431	0	1
5432	1	0
5433	0	1
5434	1	0
5435	1	0
5436	1	0
5437	1	0
5438	0	1
5439	0	1
5440	1	0
5441	0	1
5442	1	0
5443	1	0
5444	1	0
5445	0	1
5446	0	1
5447	0	1
5448	0	1
5449	0	1
5450	0	1
5451	0	1
5452	1	0
5453	1	0
5454	1	0
5455	0	1
5456	0	1
5457	1	0
5458	1	0
5459	0	1
5460	1	0
5461	1	0
5462	0	1
5463	1	0
5464	0	1
5465	0	1
5466	0	1
5467	0	1
5468	1	0
5469	1	0
5470	1	0
5471	1	0
5472	0	1
5473	1	0
5474	0	1
5475	0	1
5476	1	0
5477	1	0
5478	0	1
5479	1	0
5480	0	1
5481	1	0
5482	0	1
5483	0	1
5484	1	0
5485	0	1
5486	0	1
5487	1	0
5488	1	0
5489	0	1
5490	0	1
5491	0	1
5492	0	1
5493	0	1
5494	0	1
5495	1	0
5496	0	1
5497	0	1
5498	1	0
5499	0	1
5500	0	1
5501	0	1
5502	0	1
5503	0	1
5504	0	1
5505	1	0
5506	1	0
5507	1	0
5508	0	1
5509	0	1
5510	0	1
5511	0	1
5512	0	1
5513	0	1
5514	0	1
5515	0	1
5516	0	1
5517	0	1
5518	0	1
5519	0	1
5520	1	0
5521	1	0
5522	1	0
5523	0	1
5524	0	1
5525	1	0
5526	0	1
5527	0	1
5528	0	1
5529	0	1
5530	0	1
5531	0	1
5532	1	0
5533	0	1
5534	0	1
5535	1	0
5536	0	1
5537	1	0
5538	1	0
5539	1	0
5540	0	1
5541	0	1
5542	0	1
5543	0	1
5544	1	0
5545	1	0
5546	0	1
5547	0	1
5548	0	1
5549	1	0
5550	0	1
5551	1	0
5552	0	1
5553	0	1
5554	0	1
5555	0	1
5556	1	0
5557	1	0
5558	1	0
5559	0	1
5560	0	1
5561	1	0
5562	0	1
5563	0	1
5564	1	0
5565	0	1
5566	0	1
5567	0	1
5568	0	1
5569	0	1
5570	1	0
5571	0	1
5572	1	0
5573	0	1
5574	0	1
5575	0	1
5576	0	1
5577	1	0
5578	0	1
5579	1	0
5580	1	0
5581	0	1
5582	1	0
5583	1	0
5584	1	0
5585	0	1
5586	1	0
5587	0	1
5588	0	1
5589	1	0
5590	0	1
5591	0	1
5592	1	0
5593	1	0
5594	0	1
5595	0	1
5596	0	1
5597	0	1
5598	0	1
5599	0	1
5600	0	1
5601	0	1
5602	0	1
5603	1	0
5604	0	1
5605	0	1
5606	1	0
5607	0	1
5608	0	1
5609	0	1
5610	0	1
5611	0	1
5612	0	1
5613	0	1
5614	0	1
5615	0	1
5616	1	0
5617	0	1
5618	1	0
5619	0	1
5620	0	1
5621	1	0
5622	0	1
5623	0	1
5624	0	1
5625	0	1
5626	0	1
5627	0	1
5628	0	1
5629	1	0
5630	1	0
5631	0	1
5632	1	0
5633	0	1
5634	0	1
5635	1	0
5636	0	1
5637	0	1
5638	0	1
5639	0	1
5640	0	1
5641	0	1
5642	0	1
5643	0	1
5644	0	1
5645	0	1
5646	0	1
5647	1	0
5648	0	1
5649	0	1
5650	0	1
5651	1	0
5652	0	1
5653	0	1
5654	0	1
5655	1	0
5656	0	1
5657	0	1
5658	0	1
5659	0	1
5660	1	0
5661	0	1
5662	0	1
5663	0	1
5664	1	0
5665	1	0
5666	0	1
5667	0	1
5668	1	0
5669	0	1
5670	0	1
5671	0	1
5672	0	1
5673	0	1
5674	0	1
5675	0	1
5676	0	1
5677	0	1
5678	0	1
5679	1	0
5680	0	1
5681	0	1
5682	1	0
5683	1	0
5684	0	1
5685	1	0
5686	0	1
5687	0	1
5688	0	1
5689	1	0
5690	1	0
5691	1	0
5692	0	1
5693	0	1
5694	1	0
5695	0	1
5696	0	1
5697	1	0
5698	0	1
5699	0	1
5700	0	1
5701	1	0
5702	0	1
5703	0	1
5704	0	1
5705	0	1
5706	0	1
5707	1	0
5708	1	0
5709	0	1
5710	1	0
5711	1	0
5712	0	1
5713	0	1
5714	0	1
5715	0	1
5716	0	1
5717	0	1
5718	1	0
5719	1	0
5720	0	1
5721	0	1
5722	1	0
5723	1	0
5724	0	1
5725	0	1
5726	0	1
5727	0	1
5728	0	1
5729	0	1
5730	0	1
5731	0	1
5732	1	0
5733	1	0
5734	0	1
5735	0	1
5736	1	0
5737	1	0
5738	1	0
5739	0	1
5740	1	0
5741	1	0
5742	0	1
5743	0	1
5744	0	1
5745	0	1
5746	0	1
5747	0	1
5748	0	1
5749	0	1
5750	0	1
5751	0	1
5752	0	1
5753	0	1
5754	0	1
5755	0	1
5756	1	0
5757	0	1
5758	1	0
5759	1	0
5760	1	0
5761	1	0
5762	1	0
5763	0	1
5764	1	0
5765	1	0
5766	0	1
5767	1	0
5768	0	1
5769	0	1
5770	0	1
5771	1	0
5772	0	1
5773	0	1
5774	1	0
5775	0	1
5776	0	1
5777	1	0
5778	1	0
5779	1	0
5780	0	1
5781	0	1
5782	1	0
5783	0	1
5784	0	1
5785	0	1
5786	1	0
5787	0	1
5788	0	1
5789	1	0
5790	1	0
5791	1	0
5792	0	1
5793	0	1
5794	0	1
5795	0	1
5796	1	0
5797	0	1
5798	1	0
5799	0	1
5800	0	1
5801	0	1
5802	1	0
5803	0	1
5804	0	1
5805	1	0
5806	0	1
5807	0	1
5808	0	1
5809	0	1
5810	0	1
5811	0	1
5812	0	1
5813	0	1
5814	0	1
5815	0	1
5816	1	0
5817	0	1
5818	1	0
5819	0	1
5820	0	1
5821	1	0
5822	0	1
5823	0	1
5824	0	1
5825	0	1
5826	0	1
5827	0	1
5828	0	1
5829	1	0
5830	0	1
5831	0	1
5832	1	0
5833	1	0
5834	1	0
5835	0	1
5836	1	0
5837	0	1
5838	0	1
5839	1	0
5840	0	1
5841	1	0
5842	1	0
5843	0	1
5844	1	0
5845	0	1
5846	0	1
5847	0	1
5848	1	0
5849	0	1
5850	1	0
5851	1	0
5852	1	0
5853	0	1
5854	1	0
5855	0	1
5856	0	1
5857	0	1
5858	0	1
5859	0	1
5860	1	0
5861	1	0
5862	0	1
5863	1	0
5864	0	1
5865	1	0
5866	0	1
5867	1	0
5868	1	0
5869	0	1
5870	0	1
5871	0	1
5872	0	1
5873	1	0
5874	0	1
5875	1	0
5876	0	1
5877	0	1
5878	1	0
5879	0	1
5880	0	1
5881	0	1
5882	1	0
5883	0	1
5884	0	1
5885	0	1
5886	0	1
5887	1	0
5888	0	1
5889	0	1
5890	1	0
5891	1	0
5892	1	0
5893	1	0
5894	0	1
5895	0	1
5896	0	1
5897	1	0
5898	0	1
5899	0	1
5900	1	0
5901	0	1
5902	0	1
5903	0	1
5904	0	1
5905	1	0
5906	0	1
5907	0	1
5908	0	1
5909	1	0
5910	1	0
5911	0	1
5912	0	1
5913	1	0
5914	0	1
5915	1	0
5916	0	1
5917	0	1
5918	0	1
5919	0	1
5920	0	1
5921	0	1
5922	1	0
5923	0	1
5924	1	0
5925	0	1
5926	0	1
5927	0	1
5928	1	0
5929	0	1
5930	0	1
5931	0	1
5932	0	1
5933	1	0
5934	0	1
5935	0	1
5936	1	0
5937	0	1
5938	0	1
5939	0	1
5940	0	1
5941	0	1
5942	0	1
5943	1	0
5944	0	1
5945	0	1
5946	1	0
5947	0	1
5948	1	0
5949	0	1
5950	0	1
5951	0	1
5952	1	0
5953	0	1
5954	0	1
5955	0	1
5956	0	1
5957	1	0
5958	1	0
5959	0	1
5960	0	1
5961	1	0
5962	0	1
5963	1	0
5964	0	1
5965	0	1
5966	0	1
5967	0	1
5968	0	1
5969	1	0
5970	0	1
5971	1	0
5972	1	0
5973	0	1
5974	0	1
5975	0	1
5976	1	0
