0	1	0
1	0	1
2	1	0
3	1	0
4	0	1
5	1	0
6	1	0
7	1	0
8	0	1
9	0	1
10	0	1
11	0	1
12	1	0
13	1	0
14	1	0
15	0	1
16	0	1
17	1	0
18	1	0
19	0	1
20	1	0
21	0	1
22	1	0
23	0	1
24	1	0
25	1	0
26	0	1
27	1	0
28	1	0
29	0	1
30	1	0
31	1	0
32	1	0
33	1	0
34	1	0
35	0	1
36	1	0
37	1	0
38	1	0
39	1	0
40	1	0
41	0	1
42	1	0
43	0	1
44	1	0
45	0	1
46	1	0
47	1	0
48	1	0
49	1	0
50	0	1
51	0	1
52	1	0
53	1	0
54	1	0
55	0	1
56	1	0
57	1	0
58	1	0
59	0	1
60	1	0
61	1	0
62	0	1
63	1	0
64	0	1
65	1	0
66	1	0
67	0	1
68	0	1
69	1	0
70	0	1
71	0	1
72	0	1
73	1	0
74	1	0
75	1	0
76	0	1
77	1	0
78	0	1
79	0	1
80	1	0
81	1	0
82	1	0
83	0	1
84	1	0
85	0	1
86	0	1
87	1	0
88	1	0
89	1	0
90	1	0
91	1	0
92	0	1
93	1	0
94	1	0
95	1	0
96	1	0
97	1	0
98	1	0
99	1	0
100	1	0
101	1	0
102	1	0
103	0	1
104	1	0
105	1	0
106	0	1
107	0	1
108	0	1
109	0	1
110	0	1
111	1	0
112	0	1
113	0	1
114	1	0
115	1	0
116	1	0
117	1	0
118	1	0
119	1	0
120	0	1
121	0	1
122	1	0
123	0	1
124	1	0
125	1	0
126	1	0
127	1	0
128	0	1
129	1	0
130	1	0
131	1	0
132	0	1
133	1	0
134	0	1
135	1	0
136	1	0
137	0	1
138	0	1
139	1	0
140	1	0
141	1	0
142	1	0
143	1	0
144	0	1
145	1	0
146	1	0
147	1	0
148	1	0
149	1	0
150	1	0
151	1	0
152	0	1
153	0	1
154	0	1
155	0	1
156	1	0
157	1	0
158	0	1
159	1	0
160	0	1
161	1	0
162	0	1
163	0	1
164	0	1
165	1	0
166	1	0
167	1	0
168	1	0
169	0	1
170	0	1
171	0	1
172	0	1
173	1	0
174	1	0
175	1	0
176	1	0
177	0	1
178	1	0
179	1	0
180	0	1
181	1	0
182	1	0
183	1	0
184	1	0
185	1	0
186	1	0
187	1	0
188	1	0
189	1	0
190	1	0
191	1	0
192	1	0
193	1	0
194	0	1
195	1	0
196	1	0
197	0	1
198	1	0
199	1	0
200	1	0
201	0	1
202	1	0
203	1	0
204	0	1
205	0	1
206	0	1
207	0	1
208	1	0
209	1	0
210	0	1
211	0	1
212	1	0
213	1	0
214	1	0
215	1	0
216	0	1
217	1	0
218	0	1
219	0	1
220	1	0
221	1	0
222	1	0
223	1	0
224	1	0
225	1	0
226	0	1
227	1	0
228	0	1
229	0	1
230	1	0
231	1	0
232	1	0
233	1	0
234	1	0
235	0	1
236	0	1
237	1	0
238	1	0
239	1	0
240	1	0
241	0	1
242	0	1
243	0	1
244	1	0
245	1	0
246	1	0
247	1	0
248	0	1
249	0	1
250	1	0
251	1	0
252	1	0
253	0	1
254	1	0
255	1	0
256	1	0
257	1	0
258	1	0
259	1	0
260	1	0
261	0	1
262	1	0
263	1	0
264	1	0
265	1	0
266	0	1
267	1	0
268	0	1
269	0	1
270	1	0
271	1	0
272	1	0
273	1	0
274	1	0
275	1	0
276	1	0
277	0	1
278	1	0
279	0	1
280	0	1
281	0	1
282	1	0
283	1	0
284	0	1
285	1	0
286	0	1
287	1	0
288	1	0
289	1	0
290	1	0
291	0	1
292	0	1
293	1	0
294	1	0
295	1	0
296	0	1
297	1	0
298	1	0
299	1	0
300	0	1
301	1	0
302	1	0
303	0	1
304	0	1
305	0	1
306	0	1
307	0	1
308	1	0
309	0	1
310	0	1
311	0	1
312	1	0
313	1	0
314	1	0
315	1	0
316	1	0
317	0	1
318	1	0
319	0	1
320	1	0
321	0	1
322	0	1
323	0	1
324	0	1
325	1	0
326	1	0
327	0	1
328	1	0
329	0	1
330	0	1
331	0	1
332	0	1
333	1	0
334	0	1
335	0	1
336	0	1
337	1	0
338	1	0
339	1	0
340	1	0
341	1	0
342	0	1
343	1	0
344	1	0
345	0	1
346	1	0
347	1	0
348	1	0
349	0	1
350	0	1
351	0	1
352	1	0
353	1	0
354	1	0
355	1	0
356	1	0
357	1	0
358	1	0
359	0	1
360	0	1
361	0	1
362	1	0
363	1	0
364	1	0
365	0	1
366	1	0
367	0	1
368	1	0
369	0	1
370	1	0
371	1	0
372	1	0
373	0	1
374	1	0
375	0	1
376	0	1
377	0	1
378	1	0
379	1	0
380	1	0
381	1	0
382	1	0
383	0	1
384	1	0
385	1	0
386	0	1
387	0	1
388	0	1
389	1	0
390	1	0
391	0	1
392	1	0
393	1	0
394	1	0
395	0	1
396	0	1
397	1	0
398	1	0
399	1	0
400	1	0
401	1	0
402	1	0
403	0	1
404	1	0
405	1	0
406	1	0
407	1	0
408	1	0
409	0	1
410	0	1
411	0	1
412	1	0
413	1	0
414	1	0
415	1	0
416	1	0
417	0	1
418	1	0
419	1	0
420	0	1
421	0	1
422	0	1
423	0	1
424	1	0
425	0	1
426	0	1
427	1	0
428	1	0
429	0	1
430	1	0
431	1	0
432	1	0
433	0	1
434	1	0
435	0	1
436	0	1
437	1	0
438	1	0
439	1	0
440	1	0
441	0	1
442	1	0
443	1	0
444	1	0
445	1	0
446	1	0
447	1	0
448	1	0
449	1	0
450	0	1
451	1	0
452	1	0
453	1	0
454	0	1
455	1	0
456	1	0
457	1	0
458	1	0
459	0	1
460	1	0
461	1	0
462	1	0
463	1	0
464	0	1
465	0	1
466	1	0
467	1	0
468	1	0
469	0	1
470	0	1
471	1	0
472	1	0
473	1	0
474	1	0
475	1	0
476	0	1
477	0	1
478	1	0
479	1	0
480	1	0
481	1	0
482	1	0
483	1	0
484	1	0
485	1	0
486	0	1
487	1	0
488	1	0
489	0	1
490	1	0
491	0	1
492	1	0
493	1	0
494	0	1
495	1	0
496	1	0
497	1	0
498	0	1
499	0	1
500	1	0
501	1	0
502	1	0
503	1	0
504	1	0
505	1	0
506	1	0
507	0	1
508	0	1
509	0	1
510	1	0
511	1	0
512	1	0
513	1	0
514	1	0
515	0	1
516	1	0
517	1	0
518	1	0
519	1	0
520	1	0
521	1	0
522	1	0
523	0	1
524	0	1
525	1	0
526	1	0
527	1	0
528	1	0
529	1	0
530	1	0
531	0	1
532	0	1
533	1	0
534	1	0
535	1	0
536	1	0
537	1	0
538	1	0
539	1	0
540	0	1
541	1	0
542	1	0
543	1	0
544	1	0
545	1	0
546	0	1
547	1	0
548	1	0
549	1	0
550	1	0
551	1	0
552	0	1
553	0	1
554	1	0
555	0	1
556	1	0
557	1	0
558	0	1
559	1	0
560	1	0
561	1	0
562	1	0
563	0	1
564	1	0
565	1	0
566	1	0
567	0	1
568	0	1
569	0	1
570	1	0
571	1	0
572	1	0
573	1	0
574	0	1
575	0	1
576	0	1
577	0	1
578	0	1
579	1	0
580	1	0
581	1	0
582	0	1
583	0	1
584	0	1
585	1	0
586	1	0
587	1	0
588	0	1
589	1	0
590	1	0
591	1	0
592	0	1
593	0	1
594	1	0
595	1	0
596	1	0
597	1	0
598	1	0
599	0	1
600	1	0
601	0	1
602	0	1
603	1	0
604	1	0
605	1	0
606	0	1
607	1	0
608	0	1
609	1	0
610	1	0
611	0	1
612	1	0
613	0	1
614	1	0
615	1	0
616	0	1
617	1	0
618	0	1
619	1	0
620	1	0
621	1	0
622	0	1
623	1	0
624	1	0
625	1	0
626	1	0
627	1	0
628	1	0
629	0	1
630	1	0
631	0	1
632	1	0
633	0	1
634	0	1
635	1	0
636	1	0
637	1	0
638	0	1
639	0	1
640	0	1
641	1	0
642	0	1
643	0	1
644	1	0
645	0	1
646	0	1
647	0	1
648	1	0
649	0	1
650	0	1
651	1	0
652	1	0
653	1	0
654	1	0
655	1	0
656	1	0
657	0	1
658	1	0
659	1	0
660	0	1
661	0	1
662	0	1
663	1	0
664	0	1
665	0	1
666	1	0
667	1	0
668	1	0
669	0	1
670	1	0
671	0	1
672	1	0
673	0	1
674	1	0
675	0	1
676	1	0
677	1	0
678	0	1
679	1	0
680	1	0
681	1	0
682	0	1
683	1	0
684	1	0
685	1	0
686	0	1
687	1	0
688	1	0
689	1	0
690	0	1
691	1	0
692	1	0
693	1	0
694	0	1
695	1	0
696	1	0
697	1	0
698	1	0
699	1	0
700	1	0
701	1	0
702	1	0
703	1	0
704	0	1
705	0	1
706	0	1
707	0	1
708	1	0
709	0	1
710	1	0
711	1	0
712	0	1
713	1	0
714	0	1
715	0	1
716	1	0
717	1	0
718	1	0
719	1	0
720	1	0
721	0	1
722	1	0
723	0	1
724	1	0
725	1	0
726	1	0
727	1	0
728	1	0
729	1	0
730	1	0
731	1	0
732	1	0
733	1	0
734	0	1
735	0	1
736	1	0
737	0	1
738	1	0
739	0	1
740	0	1
741	0	1
742	1	0
743	1	0
744	0	1
745	1	0
746	1	0
747	0	1
748	1	0
749	1	0
750	1	0
751	1	0
752	0	1
753	1	0
754	1	0
755	1	0
756	1	0
757	1	0
758	1	0
759	1	0
760	1	0
761	1	0
762	1	0
763	1	0
764	1	0
765	1	0
766	0	1
767	0	1
768	0	1
769	1	0
770	1	0
771	1	0
772	1	0
773	0	1
774	1	0
775	1	0
776	1	0
777	0	1
778	1	0
779	1	0
780	1	0
781	1	0
782	1	0
783	1	0
784	0	1
785	1	0
786	1	0
787	1	0
788	1	0
789	1	0
790	1	0
791	1	0
792	1	0
793	0	1
794	1	0
795	0	1
796	1	0
797	1	0
798	1	0
799	0	1
800	0	1
801	1	0
802	1	0
803	1	0
804	1	0
805	1	0
806	1	0
807	1	0
808	0	1
809	1	0
810	1	0
811	0	1
812	1	0
813	1	0
814	0	1
815	1	0
816	1	0
817	0	1
818	1	0
819	1	0
820	0	1
821	1	0
822	0	1
823	1	0
824	1	0
825	0	1
826	1	0
827	1	0
828	1	0
829	1	0
830	1	0
831	1	0
832	0	1
833	1	0
834	0	1
835	0	1
836	1	0
837	1	0
838	1	0
839	1	0
840	1	0
841	1	0
842	0	1
843	0	1
844	1	0
845	0	1
846	1	0
847	0	1
848	0	1
849	1	0
850	1	0
851	0	1
852	1	0
853	0	1
854	0	1
855	1	0
856	0	1
857	1	0
858	0	1
859	1	0
860	1	0
861	1	0
862	0	1
863	0	1
864	1	0
865	0	1
866	0	1
867	1	0
868	1	0
869	0	1
870	0	1
871	1	0
872	0	1
873	1	0
874	0	1
875	0	1
876	0	1
877	0	1
878	1	0
879	1	0
880	0	1
881	1	0
882	0	1
883	1	0
884	1	0
885	1	0
886	1	0
887	0	1
888	0	1
889	1	0
890	1	0
891	1	0
892	1	0
893	1	0
894	1	0
895	1	0
896	1	0
897	1	0
898	0	1
899	0	1
900	0	1
901	1	0
902	1	0
903	0	1
904	1	0
905	0	1
906	1	0
907	1	0
908	0	1
909	0	1
910	0	1
911	0	1
912	1	0
913	0	1
914	1	0
915	1	0
916	1	0
917	0	1
918	0	1
919	0	1
920	0	1
921	1	0
922	0	1
923	1	0
924	0	1
925	1	0
926	0	1
927	1	0
928	1	0
929	1	0
930	1	0
931	0	1
932	1	0
933	0	1
934	1	0
935	1	0
936	1	0
937	1	0
938	1	0
939	1	0
940	1	0
941	0	1
942	0	1
943	1	0
944	0	1
945	1	0
946	0	1
947	1	0
948	1	0
949	0	1
950	1	0
951	1	0
952	1	0
953	0	1
954	1	0
955	1	0
956	0	1
957	0	1
958	1	0
959	1	0
960	0	1
961	1	0
962	0	1
963	1	0
964	1	0
965	1	0
966	1	0
967	0	1
968	1	0
969	0	1
970	0	1
971	0	1
972	1	0
973	0	1
974	1	0
975	1	0
976	1	0
977	0	1
978	1	0
979	0	1
980	1	0
981	0	1
982	0	1
983	1	0
984	1	0
985	1	0
986	1	0
987	1	0
988	1	0
989	0	1
990	0	1
991	1	0
992	1	0
993	1	0
994	0	1
995	1	0
996	0	1
997	1	0
998	1	0
999	1	0
1000	1	0
1001	1	0
1002	1	0
1003	1	0
1004	0	1
1005	1	0
1006	0	1
1007	1	0
1008	1	0
1009	1	0
1010	1	0
1011	0	1
1012	0	1
1013	1	0
1014	0	1
1015	1	0
1016	1	0
1017	1	0
1018	0	1
1019	0	1
1020	1	0
1021	1	0
1022	0	1
1023	1	0
1024	1	0
1025	1	0
1026	1	0
1027	1	0
1028	0	1
1029	1	0
1030	1	0
1031	1	0
1032	1	0
1033	1	0
1034	0	1
1035	0	1
1036	1	0
1037	1	0
1038	1	0
1039	0	1
1040	1	0
1041	1	0
1042	1	0
1043	1	0
1044	1	0
1045	1	0
1046	0	1
1047	0	1
1048	1	0
1049	0	1
1050	1	0
1051	0	1
1052	1	0
1053	1	0
1054	1	0
1055	1	0
1056	1	0
1057	1	0
1058	0	1
1059	1	0
1060	1	0
1061	0	1
1062	1	0
1063	1	0
1064	0	1
1065	1	0
1066	1	0
1067	1	0
1068	0	1
1069	1	0
1070	1	0
1071	1	0
1072	1	0
1073	0	1
1074	1	0
1075	1	0
1076	1	0
1077	0	1
1078	1	0
1079	1	0
1080	1	0
1081	1	0
1082	1	0
1083	1	0
1084	0	1
1085	1	0
1086	1	0
1087	1	0
1088	1	0
1089	0	1
1090	1	0
1091	0	1
1092	1	0
1093	1	0
1094	0	1
1095	0	1
1096	0	1
1097	1	0
1098	0	1
1099	1	0
1100	1	0
1101	1	0
1102	1	0
1103	1	0
1104	1	0
1105	1	0
1106	1	0
1107	0	1
1108	1	0
1109	0	1
1110	1	0
1111	1	0
1112	1	0
1113	0	1
1114	0	1
1115	1	0
1116	1	0
1117	1	0
1118	1	0
1119	0	1
1120	0	1
1121	0	1
1122	0	1
1123	0	1
1124	0	1
1125	0	1
1126	1	0
1127	1	0
1128	0	1
1129	0	1
1130	1	0
1131	0	1
1132	0	1
1133	0	1
1134	1	0
1135	1	0
1136	0	1
1137	1	0
1138	1	0
1139	1	0
1140	1	0
1141	1	0
1142	1	0
1143	1	0
1144	1	0
1145	1	0
1146	0	1
1147	0	1
1148	1	0
1149	0	1
1150	0	1
1151	0	1
1152	1	0
1153	1	0
1154	1	0
1155	1	0
1156	0	1
1157	0	1
1158	1	0
1159	1	0
1160	0	1
1161	0	1
1162	1	0
1163	1	0
1164	0	1
1165	1	0
1166	1	0
1167	0	1
1168	1	0
1169	1	0
1170	0	1
1171	1	0
1172	0	1
1173	1	0
1174	1	0
1175	1	0
1176	0	1
1177	1	0
1178	1	0
1179	1	0
1180	1	0
1181	1	0
1182	1	0
1183	1	0
1184	1	0
1185	0	1
1186	1	0
1187	1	0
1188	1	0
1189	0	1
1190	1	0
1191	1	0
1192	1	0
1193	0	1
1194	1	0
1195	0	1
1196	0	1
1197	1	0
1198	1	0
1199	1	0
1200	1	0
1201	1	0
1202	1	0
1203	1	0
1204	0	1
1205	1	0
1206	1	0
1207	1	0
1208	1	0
1209	1	0
1210	1	0
1211	1	0
1212	0	1
1213	0	1
1214	0	1
1215	0	1
1216	0	1
1217	0	1
1218	1	0
1219	0	1
1220	0	1
1221	1	0
1222	1	0
1223	0	1
1224	1	0
1225	1	0
1226	1	0
1227	1	0
1228	1	0
1229	0	1
1230	0	1
1231	1	0
1232	1	0
1233	1	0
1234	0	1
1235	1	0
1236	1	0
1237	0	1
1238	1	0
1239	1	0
1240	1	0
1241	0	1
1242	0	1
1243	1	0
1244	1	0
1245	0	1
1246	1	0
1247	1	0
1248	1	0
1249	0	1
1250	1	0
1251	0	1
1252	1	0
1253	1	0
1254	0	1
1255	1	0
1256	1	0
1257	0	1
1258	0	1
1259	0	1
1260	1	0
1261	0	1
1262	1	0
1263	1	0
1264	0	1
1265	0	1
1266	0	1
1267	0	1
1268	0	1
1269	0	1
1270	0	1
1271	1	0
1272	1	0
1273	1	0
1274	0	1
1275	0	1
1276	1	0
1277	0	1
1278	1	0
1279	1	0
1280	1	0
1281	1	0
1282	1	0
1283	1	0
1284	1	0
1285	0	1
1286	1	0
1287	0	1
1288	1	0
1289	1	0
1290	0	1
1291	0	1
1292	1	0
1293	1	0
1294	1	0
1295	0	1
1296	1	0
1297	1	0
1298	0	1
1299	1	0
1300	1	0
1301	1	0
1302	1	0
1303	0	1
1304	0	1
1305	1	0
1306	1	0
1307	1	0
1308	1	0
1309	1	0
1310	1	0
1311	1	0
1312	1	0
1313	0	1
1314	0	1
1315	1	0
1316	1	0
1317	1	0
1318	1	0
1319	1	0
1320	1	0
1321	1	0
1322	1	0
1323	0	1
1324	0	1
1325	1	0
1326	1	0
1327	1	0
1328	1	0
1329	1	0
1330	0	1
1331	0	1
1332	0	1
1333	1	0
1334	1	0
1335	1	0
1336	1	0
1337	0	1
1338	0	1
1339	1	0
1340	0	1
1341	1	0
1342	1	0
1343	1	0
1344	1	0
1345	1	0
1346	1	0
1347	1	0
1348	1	0
1349	1	0
1350	1	0
1351	1	0
1352	1	0
1353	1	0
1354	0	1
1355	1	0
1356	0	1
1357	1	0
1358	0	1
1359	0	1
1360	1	0
1361	1	0
1362	1	0
1363	1	0
1364	1	0
1365	0	1
1366	1	0
1367	1	0
1368	0	1
1369	1	0
1370	0	1
1371	0	1
1372	1	0
1373	1	0
1374	0	1
1375	1	0
1376	1	0
1377	0	1
1378	1	0
1379	1	0
1380	0	1
1381	0	1
1382	1	0
1383	1	0
1384	1	0
1385	1	0
1386	1	0
1387	1	0
1388	0	1
1389	1	0
1390	1	0
1391	1	0
1392	1	0
1393	1	0
1394	1	0
1395	1	0
1396	1	0
1397	0	1
1398	0	1
1399	1	0
1400	0	1
1401	1	0
1402	1	0
1403	1	0
1404	1	0
1405	1	0
1406	1	0
1407	1	0
1408	1	0
1409	0	1
1410	1	0
1411	1	0
1412	1	0
1413	0	1
1414	0	1
1415	1	0
1416	1	0
1417	0	1
1418	1	0
1419	0	1
1420	1	0
1421	0	1
1422	1	0
1423	0	1
1424	1	0
1425	0	1
1426	0	1
1427	1	0
1428	1	0
1429	0	1
1430	0	1
1431	1	0
1432	0	1
1433	1	0
1434	1	0
1435	1	0
1436	1	0
1437	1	0
1438	1	0
1439	1	0
1440	0	1
1441	1	0
1442	0	1
1443	1	0
1444	0	1
1445	0	1
1446	1	0
1447	1	0
1448	0	1
1449	1	0
1450	1	0
1451	1	0
1452	0	1
1453	0	1
1454	0	1
1455	1	0
1456	1	0
1457	1	0
1458	0	1
1459	1	0
1460	0	1
1461	1	0
1462	1	0
1463	1	0
1464	0	1
1465	1	0
1466	0	1
1467	1	0
1468	1	0
1469	1	0
1470	0	1
1471	1	0
1472	1	0
1473	0	1
1474	1	0
1475	1	0
1476	1	0
1477	0	1
1478	1	0
1479	1	0
1480	0	1
1481	1	0
1482	0	1
1483	1	0
1484	0	1
1485	0	1
1486	1	0
1487	1	0
1488	1	0
1489	1	0
1490	1	0
1491	0	1
1492	1	0
1493	0	1
1494	0	1
1495	1	0
1496	0	1
1497	0	1
1498	0	1
1499	1	0
1500	1	0
1501	1	0
1502	0	1
1503	1	0
1504	0	1
1505	0	1
1506	1	0
1507	1	0
1508	0	1
1509	1	0
1510	1	0
1511	0	1
1512	0	1
1513	0	1
1514	0	1
1515	0	1
1516	1	0
1517	1	0
1518	1	0
1519	1	0
1520	1	0
1521	0	1
1522	1	0
1523	1	0
1524	1	0
1525	1	0
1526	1	0
1527	0	1
1528	1	0
1529	0	1
1530	0	1
1531	0	1
1532	0	1
1533	1	0
1534	1	0
1535	0	1
1536	0	1
1537	1	0
1538	1	0
1539	0	1
1540	0	1
1541	0	1
1542	1	0
1543	1	0
1544	1	0
1545	0	1
1546	1	0
1547	0	1
1548	1	0
1549	0	1
1550	1	0
1551	0	1
1552	1	0
1553	1	0
1554	0	1
1555	1	0
1556	1	0
1557	0	1
1558	1	0
1559	0	1
1560	0	1
1561	1	0
1562	1	0
1563	0	1
1564	1	0
1565	1	0
1566	1	0
1567	0	1
1568	1	0
1569	1	0
1570	1	0
1571	1	0
1572	1	0
1573	0	1
1574	1	0
1575	0	1
1576	0	1
1577	1	0
1578	1	0
1579	1	0
1580	0	1
1581	1	0
1582	1	0
1583	0	1
1584	1	0
1585	0	1
1586	0	1
1587	1	0
1588	1	0
1589	1	0
1590	1	0
1591	0	1
1592	1	0
1593	1	0
1594	0	1
1595	1	0
1596	1	0
1597	1	0
1598	1	0
1599	0	1
1600	0	1
1601	1	0
1602	0	1
1603	0	1
1604	0	1
1605	1	0
1606	1	0
1607	0	1
1608	1	0
1609	1	0
1610	1	0
1611	0	1
1612	1	0
1613	1	0
1614	0	1
1615	0	1
1616	1	0
1617	1	0
1618	0	1
1619	0	1
1620	1	0
1621	1	0
1622	0	1
1623	1	0
1624	1	0
1625	0	1
1626	1	0
1627	1	0
1628	1	0
1629	1	0
1630	1	0
1631	1	0
1632	1	0
1633	1	0
1634	1	0
1635	1	0
1636	1	0
1637	1	0
1638	1	0
1639	0	1
1640	0	1
1641	1	0
1642	1	0
1643	1	0
1644	1	0
1645	1	0
1646	1	0
1647	1	0
1648	1	0
1649	1	0
1650	0	1
1651	1	0
1652	1	0
1653	1	0
1654	0	1
1655	1	0
1656	0	1
1657	1	0
1658	1	0
1659	0	1
1660	1	0
1661	0	1
1662	1	0
1663	1	0
1664	1	0
1665	1	0
1666	1	0
1667	1	0
1668	1	0
1669	0	1
1670	0	1
1671	1	0
1672	1	0
1673	0	1
1674	1	0
1675	0	1
1676	1	0
1677	1	0
1678	1	0
1679	1	0
1680	1	0
1681	1	0
1682	1	0
1683	0	1
1684	1	0
1685	0	1
1686	0	1
1687	0	1
1688	1	0
1689	1	0
1690	1	0
1691	1	0
1692	1	0
1693	0	1
1694	0	1
1695	1	0
1696	1	0
1697	1	0
1698	1	0
1699	0	1
1700	1	0
1701	1	0
1702	1	0
1703	0	1
1704	1	0
1705	1	0
1706	1	0
1707	1	0
1708	0	1
1709	1	0
1710	0	1
1711	0	1
1712	0	1
1713	0	1
1714	1	0
1715	0	1
1716	1	0
1717	0	1
1718	1	0
1719	1	0
1720	1	0
1721	0	1
1722	1	0
1723	1	0
1724	0	1
1725	1	0
1726	1	0
1727	1	0
1728	1	0
1729	1	0
1730	1	0
1731	0	1
1732	1	0
1733	0	1
1734	0	1
1735	1	0
1736	1	0
1737	1	0
1738	0	1
1739	1	0
1740	0	1
1741	1	0
1742	0	1
1743	1	0
1744	1	0
1745	1	0
1746	0	1
1747	1	0
1748	1	0
1749	1	0
1750	0	1
1751	1	0
1752	1	0
1753	1	0
1754	1	0
1755	1	0
1756	0	1
1757	1	0
1758	0	1
1759	1	0
1760	1	0
1761	1	0
1762	1	0
1763	1	0
1764	1	0
1765	0	1
1766	1	0
1767	1	0
1768	1	0
1769	1	0
1770	1	0
1771	1	0
1772	0	1
1773	1	0
1774	1	0
1775	0	1
1776	1	0
1777	0	1
1778	1	0
1779	1	0
1780	1	0
1781	0	1
1782	1	0
1783	1	0
1784	1	0
1785	1	0
1786	1	0
1787	1	0
1788	0	1
1789	0	1
1790	0	1
1791	1	0
1792	1	0
1793	1	0
1794	0	1
1795	1	0
1796	0	1
1797	1	0
1798	0	1
1799	1	0
1800	1	0
1801	0	1
1802	0	1
1803	1	0
1804	1	0
1805	0	1
1806	0	1
1807	0	1
1808	1	0
1809	1	0
1810	1	0
1811	1	0
1812	1	0
1813	1	0
1814	1	0
1815	0	1
1816	1	0
1817	0	1
1818	1	0
1819	1	0
1820	1	0
1821	1	0
1822	0	1
1823	1	0
1824	0	1
1825	0	1
1826	1	0
1827	1	0
1828	1	0
1829	1	0
1830	0	1
1831	1	0
1832	0	1
1833	0	1
1834	1	0
1835	0	1
1836	1	0
1837	1	0
1838	1	0
1839	0	1
1840	0	1
1841	1	0
1842	0	1
1843	0	1
1844	1	0
1845	1	0
1846	1	0
1847	0	1
1848	1	0
1849	1	0
1850	1	0
1851	1	0
1852	0	1
1853	1	0
1854	0	1
1855	0	1
1856	1	0
1857	0	1
1858	1	0
1859	1	0
1860	1	0
1861	1	0
1862	1	0
1863	1	0
1864	1	0
1865	1	0
1866	0	1
1867	1	0
1868	1	0
1869	1	0
1870	0	1
1871	1	0
1872	1	0
1873	1	0
1874	1	0
1875	1	0
1876	1	0
1877	1	0
1878	1	0
1879	0	1
1880	1	0
1881	0	1
1882	0	1
1883	1	0
1884	0	1
1885	1	0
1886	0	1
1887	1	0
1888	1	0
1889	1	0
1890	1	0
1891	1	0
1892	1	0
1893	1	0
1894	1	0
1895	0	1
1896	1	0
1897	1	0
1898	1	0
1899	1	0
1900	1	0
1901	1	0
1902	0	1
1903	1	0
1904	1	0
1905	1	0
1906	1	0
1907	1	0
1908	0	1
1909	0	1
1910	1	0
1911	1	0
1912	1	0
1913	1	0
1914	0	1
1915	0	1
1916	1	0
1917	1	0
1918	1	0
1919	0	1
1920	1	0
1921	1	0
1922	1	0
1923	1	0
1924	1	0
1925	1	0
1926	1	0
1927	1	0
1928	1	0
1929	0	1
1930	0	1
1931	0	1
1932	1	0
1933	1	0
1934	1	0
1935	1	0
1936	0	1
1937	1	0
1938	0	1
1939	0	1
1940	1	0
1941	0	1
1942	1	0
1943	0	1
1944	0	1
1945	1	0
1946	1	0
1947	1	0
1948	1	0
1949	1	0
1950	0	1
1951	1	0
1952	0	1
1953	0	1
1954	1	0
1955	1	0
1956	1	0
1957	1	0
1958	1	0
1959	1	0
1960	1	0
1961	1	0
1962	1	0
1963	0	1
1964	0	1
1965	1	0
1966	1	0
1967	1	0
1968	1	0
1969	1	0
1970	1	0
1971	1	0
1972	1	0
1973	1	0
1974	1	0
1975	0	1
1976	1	0
1977	0	1
1978	1	0
1979	0	1
1980	1	0
1981	1	0
1982	0	1
1983	1	0
1984	0	1
1985	1	0
1986	0	1
1987	1	0
1988	0	1
1989	1	0
1990	1	0
1991	1	0
1992	0	1
1993	1	0
1994	1	0
1995	1	0
1996	1	0
1997	1	0
1998	1	0
1999	1	0
2000	1	0
2001	1	0
2002	1	0
2003	1	0
2004	1	0
2005	0	1
2006	0	1
2007	1	0
2008	1	0
2009	1	0
2010	1	0
2011	1	0
2012	1	0
2013	1	0
2014	1	0
2015	1	0
2016	1	0
2017	1	0
2018	1	0
2019	0	1
2020	1	0
2021	0	1
2022	1	0
2023	1	0
2024	0	1
2025	1	0
2026	1	0
2027	1	0
2028	1	0
2029	1	0
2030	0	1
2031	0	1
2032	1	0
2033	1	0
2034	0	1
2035	1	0
2036	1	0
2037	0	1
2038	1	0
2039	0	1
2040	1	0
2041	1	0
2042	1	0
2043	1	0
2044	0	1
2045	0	1
2046	1	0
2047	0	1
2048	1	0
2049	0	1
2050	1	0
2051	1	0
2052	0	1
2053	1	0
2054	0	1
2055	1	0
2056	0	1
2057	1	0
2058	0	1
2059	1	0
2060	1	0
2061	0	1
2062	0	1
2063	1	0
2064	0	1
2065	1	0
2066	0	1
2067	1	0
2068	0	1
2069	1	0
2070	1	0
2071	1	0
2072	1	0
2073	0	1
2074	1	0
2075	1	0
2076	1	0
2077	1	0
2078	0	1
2079	1	0
2080	0	1
2081	1	0
2082	1	0
2083	1	0
2084	1	0
2085	1	0
2086	1	0
2087	1	0
2088	1	0
2089	0	1
2090	1	0
2091	0	1
2092	0	1
2093	1	0
2094	1	0
2095	0	1
2096	0	1
2097	1	0
2098	0	1
2099	1	0
2100	0	1
2101	1	0
2102	0	1
2103	1	0
2104	0	1
2105	1	0
2106	1	0
2107	1	0
2108	1	0
2109	0	1
2110	1	0
2111	1	0
2112	0	1
2113	1	0
2114	0	1
2115	1	0
2116	1	0
2117	0	1
2118	1	0
2119	0	1
2120	0	1
2121	1	0
2122	0	1
2123	0	1
2124	1	0
2125	1	0
2126	0	1
2127	1	0
2128	1	0
2129	1	0
2130	1	0
2131	0	1
2132	1	0
2133	1	0
2134	1	0
2135	0	1
2136	1	0
2137	1	0
2138	0	1
2139	1	0
2140	1	0
2141	1	0
2142	1	0
2143	1	0
2144	1	0
2145	1	0
2146	1	0
2147	0	1
2148	1	0
2149	1	0
2150	1	0
2151	1	0
2152	0	1
2153	1	0
2154	0	1
2155	1	0
2156	1	0
2157	0	1
2158	0	1
2159	1	0
2160	0	1
2161	0	1
2162	0	1
2163	0	1
2164	1	0
2165	1	0
2166	0	1
2167	0	1
2168	1	0
2169	0	1
2170	1	0
2171	1	0
2172	1	0
2173	0	1
2174	0	1
2175	1	0
2176	0	1
2177	0	1
2178	1	0
2179	0	1
2180	0	1
2181	1	0
2182	0	1
2183	1	0
2184	1	0
2185	0	1
2186	1	0
2187	1	0
2188	0	1
2189	0	1
2190	1	0
2191	1	0
2192	0	1
2193	1	0
2194	1	0
2195	1	0
2196	0	1
2197	1	0
2198	1	0
2199	1	0
2200	0	1
2201	1	0
2202	1	0
2203	0	1
2204	1	0
2205	1	0
2206	1	0
2207	0	1
2208	0	1
2209	1	0
2210	0	1
2211	1	0
2212	1	0
2213	0	1
2214	1	0
2215	1	0
2216	1	0
2217	1	0
2218	1	0
2219	1	0
2220	1	0
2221	1	0
2222	1	0
2223	1	0
2224	1	0
2225	1	0
2226	1	0
2227	1	0
2228	1	0
2229	0	1
2230	1	0
2231	1	0
2232	1	0
2233	1	0
2234	1	0
2235	1	0
2236	1	0
2237	0	1
2238	1	0
2239	1	0
2240	1	0
2241	1	0
2242	1	0
2243	1	0
2244	1	0
2245	1	0
2246	0	1
2247	1	0
2248	1	0
2249	1	0
2250	0	1
2251	0	1
2252	1	0
2253	0	1
2254	1	0
2255	0	1
2256	1	0
2257	1	0
2258	1	0
2259	1	0
2260	0	1
2261	1	0
2262	1	0
2263	0	1
2264	1	0
2265	0	1
2266	1	0
2267	1	0
2268	0	1
2269	0	1
2270	1	0
2271	1	0
2272	1	0
2273	1	0
2274	1	0
2275	1	0
2276	1	0
2277	1	0
2278	0	1
2279	1	0
2280	1	0
2281	1	0
2282	0	1
2283	0	1
2284	0	1
2285	0	1
2286	0	1
2287	1	0
2288	1	0
2289	0	1
2290	1	0
2291	1	0
2292	1	0
2293	0	1
2294	1	0
2295	0	1
2296	1	0
2297	1	0
2298	1	0
2299	0	1
2300	0	1
2301	0	1
2302	1	0
2303	1	0
2304	0	1
2305	0	1
2306	1	0
2307	1	0
2308	0	1
2309	1	0
2310	1	0
2311	1	0
2312	1	0
2313	1	0
2314	1	0
2315	1	0
2316	1	0
2317	1	0
2318	0	1
2319	1	0
2320	0	1
2321	0	1
2322	1	0
2323	1	0
2324	0	1
2325	1	0
2326	1	0
2327	0	1
2328	1	0
2329	1	0
2330	0	1
2331	0	1
2332	1	0
2333	0	1
2334	0	1
2335	1	0
2336	0	1
2337	1	0
2338	1	0
2339	0	1
2340	0	1
2341	1	0
2342	0	1
2343	1	0
2344	0	1
2345	0	1
2346	1	0
2347	0	1
2348	1	0
2349	1	0
2350	0	1
2351	1	0
2352	1	0
2353	0	1
2354	1	0
2355	1	0
2356	1	0
2357	0	1
2358	1	0
2359	1	0
2360	1	0
2361	1	0
2362	1	0
2363	1	0
2364	1	0
2365	1	0
2366	1	0
2367	1	0
2368	0	1
2369	0	1
2370	0	1
2371	1	0
2372	0	1
2373	1	0
2374	0	1
2375	0	1
2376	1	0
2377	0	1
2378	1	0
2379	1	0
2380	1	0
2381	1	0
2382	0	1
2383	0	1
2384	0	1
2385	1	0
2386	0	1
2387	1	0
2388	1	0
2389	1	0
2390	1	0
2391	0	1
2392	0	1
2393	0	1
2394	0	1
2395	1	0
2396	0	1
2397	1	0
2398	1	0
2399	1	0
2400	0	1
2401	1	0
2402	1	0
2403	1	0
2404	1	0
2405	1	0
2406	0	1
2407	0	1
2408	1	0
2409	0	1
2410	1	0
2411	0	1
2412	1	0
2413	1	0
2414	0	1
2415	0	1
2416	1	0
2417	1	0
2418	1	0
2419	0	1
2420	1	0
2421	0	1
2422	1	0
2423	0	1
2424	1	0
2425	1	0
2426	1	0
2427	1	0
2428	0	1
2429	1	0
2430	0	1
2431	1	0
2432	0	1
2433	0	1
2434	1	0
2435	0	1
2436	0	1
2437	1	0
2438	1	0
2439	1	0
2440	1	0
2441	0	1
2442	0	1
2443	0	1
2444	0	1
2445	1	0
2446	0	1
2447	1	0
2448	1	0
2449	1	0
2450	0	1
2451	1	0
2452	1	0
2453	1	0
2454	0	1
2455	1	0
2456	1	0
2457	1	0
2458	1	0
2459	1	0
2460	0	1
2461	1	0
2462	1	0
2463	1	0
2464	0	1
2465	1	0
2466	1	0
2467	1	0
2468	0	1
2469	0	1
2470	1	0
2471	0	1
2472	1	0
2473	1	0
2474	1	0
2475	0	1
2476	0	1
2477	0	1
2478	0	1
2479	1	0
2480	0	1
2481	0	1
2482	0	1
2483	1	0
2484	0	1
2485	1	0
2486	1	0
2487	0	1
2488	0	1
2489	0	1
2490	0	1
2491	1	0
2492	1	0
2493	1	0
2494	0	1
2495	0	1
2496	0	1
2497	0	1
2498	1	0
2499	1	0
2500	0	1
2501	1	0
2502	1	0
2503	1	0
2504	1	0
2505	0	1
2506	1	0
2507	0	1
2508	1	0
2509	1	0
2510	1	0
2511	1	0
2512	1	0
2513	0	1
2514	0	1
2515	0	1
2516	1	0
2517	1	0
2518	1	0
2519	0	1
2520	0	1
2521	0	1
2522	0	1
2523	1	0
2524	1	0
2525	0	1
2526	1	0
2527	0	1
2528	0	1
2529	1	0
2530	0	1
2531	1	0
2532	0	1
2533	1	0
2534	1	0
2535	1	0
2536	1	0
2537	1	0
2538	1	0
2539	1	0
2540	1	0
2541	1	0
2542	0	1
2543	1	0
2544	1	0
2545	1	0
2546	1	0
2547	1	0
2548	1	0
2549	1	0
2550	1	0
2551	0	1
2552	1	0
2553	0	1
2554	0	1
2555	1	0
2556	0	1
2557	1	0
2558	0	1
2559	1	0
2560	0	1
2561	1	0
2562	0	1
2563	1	0
2564	1	0
2565	0	1
2566	0	1
2567	0	1
2568	1	0
2569	1	0
2570	1	0
2571	1	0
2572	0	1
2573	0	1
2574	0	1
2575	1	0
2576	1	0
2577	1	0
2578	1	0
2579	1	0
2580	1	0
2581	0	1
2582	0	1
2583	1	0
2584	0	1
2585	1	0
2586	1	0
2587	1	0
2588	1	0
2589	1	0
2590	1	0
2591	1	0
2592	1	0
2593	1	0
2594	0	1
2595	1	0
2596	1	0
2597	0	1
2598	1	0
2599	1	0
2600	0	1
2601	1	0
2602	1	0
2603	1	0
2604	0	1
2605	0	1
2606	1	0
2607	1	0
2608	1	0
2609	1	0
2610	0	1
2611	1	0
2612	1	0
2613	1	0
2614	1	0
2615	1	0
2616	1	0
2617	1	0
2618	1	0
2619	0	1
2620	0	1
2621	1	0
2622	1	0
2623	1	0
2624	0	1
2625	0	1
2626	0	1
2627	0	1
2628	1	0
2629	1	0
2630	0	1
2631	0	1
2632	1	0
2633	1	0
2634	1	0
2635	0	1
2636	1	0
2637	1	0
2638	1	0
2639	1	0
2640	1	0
2641	1	0
2642	1	0
2643	0	1
2644	0	1
2645	1	0
2646	0	1
2647	1	0
2648	1	0
2649	1	0
2650	0	1
2651	0	1
2652	1	0
2653	0	1
2654	1	0
2655	1	0
2656	0	1
2657	0	1
2658	0	1
2659	1	0
2660	0	1
2661	1	0
2662	0	1
2663	1	0
2664	0	1
2665	1	0
2666	0	1
2667	1	0
2668	1	0
2669	1	0
2670	1	0
2671	1	0
2672	1	0
2673	1	0
2674	1	0
2675	1	0
2676	1	0
2677	1	0
2678	1	0
2679	1	0
2680	0	1
2681	0	1
2682	0	1
2683	1	0
2684	1	0
2685	1	0
2686	1	0
2687	1	0
2688	1	0
2689	1	0
2690	1	0
2691	1	0
2692	1	0
2693	0	1
2694	1	0
2695	1	0
2696	1	0
2697	0	1
2698	1	0
2699	0	1
2700	1	0
2701	1	0
2702	1	0
2703	1	0
2704	1	0
2705	1	0
2706	0	1
2707	1	0
2708	0	1
2709	0	1
2710	1	0
2711	1	0
2712	0	1
2713	1	0
2714	1	0
2715	1	0
2716	0	1
2717	1	0
2718	0	1
2719	1	0
2720	0	1
2721	1	0
2722	1	0
2723	1	0
2724	0	1
2725	1	0
2726	1	0
2727	1	0
2728	1	0
2729	1	0
2730	0	1
2731	1	0
2732	1	0
2733	1	0
2734	0	1
2735	1	0
2736	1	0
2737	0	1
2738	1	0
2739	1	0
2740	0	1
2741	1	0
2742	0	1
2743	0	1
2744	1	0
2745	0	1
2746	0	1
2747	0	1
2748	1	0
2749	1	0
2750	1	0
2751	1	0
2752	0	1
2753	1	0
2754	1	0
2755	1	0
2756	1	0
2757	1	0
2758	1	0
2759	0	1
2760	1	0
2761	1	0
2762	1	0
2763	1	0
2764	1	0
2765	1	0
2766	0	1
2767	0	1
2768	1	0
2769	1	0
2770	1	0
2771	1	0
2772	0	1
2773	1	0
2774	0	1
2775	1	0
2776	1	0
2777	1	0
2778	0	1
2779	1	0
2780	1	0
2781	1	0
2782	0	1
2783	0	1
2784	0	1
2785	1	0
2786	0	1
2787	0	1
2788	0	1
2789	1	0
2790	1	0
2791	1	0
2792	1	0
2793	1	0
2794	1	0
2795	0	1
2796	0	1
2797	1	0
2798	1	0
2799	1	0
2800	1	0
2801	0	1
2802	1	0
2803	1	0
2804	1	0
2805	1	0
2806	1	0
2807	0	1
2808	0	1
2809	1	0
2810	1	0
2811	1	0
2812	0	1
2813	1	0
2814	0	1
2815	1	0
2816	0	1
2817	0	1
2818	1	0
2819	1	0
2820	0	1
2821	1	0
2822	1	0
2823	1	0
2824	0	1
2825	0	1
2826	1	0
2827	1	0
2828	0	1
2829	1	0
2830	0	1
2831	1	0
2832	1	0
2833	1	0
2834	0	1
2835	1	0
2836	1	0
2837	1	0
2838	1	0
2839	1	0
2840	0	1
2841	0	1
2842	1	0
2843	0	1
2844	0	1
2845	0	1
2846	1	0
2847	0	1
2848	1	0
2849	0	1
2850	1	0
2851	1	0
2852	1	0
2853	1	0
2854	0	1
2855	0	1
2856	0	1
2857	1	0
2858	0	1
2859	0	1
2860	1	0
2861	0	1
2862	0	1
2863	1	0
2864	0	1
2865	1	0
2866	1	0
2867	1	0
2868	1	0
2869	1	0
2870	1	0
2871	1	0
2872	0	1
2873	1	0
2874	1	0
2875	1	0
2876	1	0
2877	1	0
2878	1	0
2879	1	0
2880	1	0
2881	0	1
2882	1	0
2883	0	1
2884	1	0
2885	1	0
2886	1	0
2887	1	0
2888	1	0
2889	1	0
2890	0	1
2891	0	1
2892	1	0
2893	0	1
2894	1	0
2895	1	0
2896	1	0
2897	0	1
2898	0	1
2899	0	1
2900	1	0
2901	1	0
2902	1	0
2903	0	1
2904	1	0
2905	0	1
2906	1	0
2907	0	1
2908	0	1
2909	1	0
2910	1	0
2911	0	1
2912	1	0
2913	1	0
2914	1	0
2915	0	1
2916	0	1
2917	0	1
2918	1	0
2919	0	1
2920	1	0
2921	1	0
2922	1	0
2923	0	1
2924	0	1
2925	1	0
2926	1	0
2927	1	0
2928	1	0
2929	1	0
2930	0	1
2931	0	1
2932	0	1
2933	1	0
2934	1	0
2935	0	1
2936	0	1
2937	1	0
2938	0	1
2939	1	0
2940	1	0
2941	1	0
2942	1	0
2943	1	0
2944	1	0
2945	1	0
2946	0	1
2947	1	0
2948	1	0
2949	0	1
2950	0	1
2951	1	0
2952	0	1
2953	0	1
2954	0	1
2955	1	0
2956	0	1
2957	1	0
2958	1	0
2959	1	0
2960	1	0
2961	1	0
2962	1	0
2963	1	0
2964	0	1
2965	1	0
2966	1	0
2967	1	0
2968	1	0
2969	0	1
2970	1	0
2971	1	0
2972	1	0
2973	1	0
2974	1	0
2975	0	1
2976	0	1
2977	1	0
2978	1	0
2979	0	1
2980	1	0
2981	0	1
2982	0	1
2983	1	0
2984	1	0
2985	0	1
2986	1	0
2987	1	0
2988	1	0
2989	0	1
2990	0	1
2991	1	0
2992	1	0
2993	1	0
2994	1	0
2995	0	1
2996	1	0
2997	0	1
2998	0	1
2999	1	0
3000	0	1
3001	0	1
3002	1	0
3003	1	0
3004	1	0
3005	1	0
3006	1	0
3007	0	1
3008	0	1
3009	0	1
3010	1	0
3011	0	1
3012	0	1
3013	0	1
3014	1	0
3015	1	0
3016	1	0
3017	1	0
3018	0	1
3019	1	0
3020	1	0
3021	0	1
3022	0	1
3023	0	1
3024	1	0
3025	0	1
3026	0	1
3027	1	0
3028	0	1
3029	1	0
3030	1	0
3031	1	0
3032	1	0
3033	1	0
3034	1	0
3035	0	1
3036	1	0
3037	0	1
3038	1	0
3039	0	1
3040	1	0
3041	1	0
3042	1	0
3043	0	1
3044	0	1
3045	1	0
3046	1	0
3047	1	0
3048	0	1
3049	1	0
3050	1	0
3051	1	0
3052	1	0
3053	0	1
3054	1	0
3055	1	0
3056	1	0
3057	1	0
3058	1	0
3059	1	0
3060	1	0
3061	1	0
3062	0	1
3063	0	1
3064	1	0
3065	0	1
3066	1	0
3067	1	0
3068	1	0
3069	0	1
3070	1	0
3071	0	1
3072	1	0
3073	1	0
3074	1	0
3075	0	1
3076	0	1
3077	1	0
3078	0	1
3079	0	1
3080	1	0
3081	1	0
3082	1	0
3083	1	0
3084	1	0
3085	1	0
3086	1	0
3087	0	1
3088	1	0
3089	1	0
3090	1	0
3091	0	1
3092	1	0
3093	1	0
3094	1	0
3095	1	0
3096	1	0
3097	0	1
3098	1	0
3099	1	0
3100	0	1
3101	0	1
3102	1	0
3103	1	0
3104	0	1
3105	1	0
3106	0	1
3107	1	0
3108	0	1
3109	0	1
3110	0	1
3111	0	1
3112	0	1
3113	1	0
3114	0	1
3115	1	0
3116	0	1
3117	1	0
3118	0	1
3119	1	0
3120	1	0
3121	1	0
3122	0	1
3123	1	0
3124	1	0
3125	1	0
3126	1	0
3127	1	0
3128	1	0
3129	1	0
3130	1	0
3131	1	0
3132	1	0
3133	1	0
3134	0	1
3135	0	1
3136	1	0
3137	0	1
3138	1	0
3139	1	0
3140	1	0
3141	1	0
3142	1	0
3143	1	0
3144	1	0
3145	1	0
3146	0	1
3147	1	0
3148	0	1
3149	1	0
3150	0	1
3151	1	0
3152	0	1
3153	0	1
3154	1	0
3155	1	0
3156	1	0
3157	1	0
3158	1	0
3159	1	0
3160	1	0
3161	1	0
3162	0	1
3163	1	0
3164	1	0
3165	0	1
3166	0	1
3167	1	0
3168	0	1
3169	0	1
3170	1	0
3171	1	0
3172	1	0
3173	1	0
3174	1	0
3175	1	0
3176	1	0
3177	0	1
3178	0	1
3179	1	0
3180	1	0
3181	1	0
3182	1	0
3183	1	0
3184	0	1
3185	1	0
3186	1	0
3187	1	0
3188	0	1
3189	0	1
3190	0	1
3191	1	0
3192	0	1
3193	0	1
3194	1	0
3195	1	0
3196	1	0
3197	1	0
3198	0	1
3199	1	0
3200	1	0
3201	1	0
3202	1	0
3203	1	0
3204	1	0
3205	0	1
3206	1	0
3207	0	1
3208	1	0
3209	0	1
3210	1	0
3211	1	0
3212	1	0
3213	0	1
3214	0	1
3215	1	0
3216	1	0
3217	1	0
3218	1	0
3219	1	0
3220	1	0
3221	0	1
3222	1	0
3223	1	0
3224	0	1
3225	1	0
3226	1	0
3227	1	0
3228	1	0
3229	1	0
3230	0	1
3231	1	0
3232	1	0
3233	0	1
3234	0	1
3235	0	1
3236	1	0
3237	1	0
3238	0	1
3239	1	0
3240	0	1
3241	1	0
3242	1	0
3243	0	1
3244	1	0
3245	1	0
3246	1	0
3247	1	0
3248	1	0
3249	1	0
3250	1	0
3251	1	0
3252	1	0
3253	1	0
3254	1	0
3255	1	0
3256	1	0
3257	1	0
3258	1	0
3259	1	0
3260	0	1
3261	1	0
3262	1	0
3263	1	0
3264	1	0
3265	1	0
3266	0	1
3267	1	0
3268	1	0
3269	0	1
3270	1	0
3271	0	1
3272	0	1
3273	1	0
3274	1	0
3275	1	0
3276	1	0
3277	0	1
3278	1	0
3279	0	1
3280	1	0
3281	1	0
3282	1	0
3283	0	1
3284	0	1
3285	0	1
3286	0	1
3287	1	0
3288	0	1
3289	1	0
3290	1	0
3291	1	0
3292	0	1
3293	0	1
3294	1	0
3295	1	0
3296	0	1
3297	1	0
3298	1	0
3299	0	1
3300	1	0
3301	0	1
3302	0	1
3303	1	0
3304	1	0
3305	1	0
3306	1	0
3307	1	0
3308	0	1
3309	1	0
3310	0	1
3311	1	0
3312	0	1
3313	1	0
3314	1	0
3315	1	0
3316	0	1
3317	0	1
3318	1	0
3319	0	1
3320	1	0
3321	0	1
3322	1	0
3323	0	1
3324	1	0
3325	1	0
3326	1	0
3327	1	0
3328	1	0
3329	1	0
3330	1	0
3331	0	1
3332	1	0
3333	0	1
3334	1	0
3335	0	1
3336	1	0
3337	1	0
3338	1	0
3339	1	0
3340	1	0
3341	1	0
3342	0	1
3343	1	0
3344	0	1
3345	1	0
3346	1	0
3347	1	0
3348	1	0
3349	0	1
3350	0	1
3351	1	0
3352	1	0
3353	1	0
3354	1	0
3355	1	0
3356	0	1
3357	1	0
3358	1	0
3359	0	1
3360	0	1
3361	0	1
3362	0	1
3363	1	0
3364	1	0
3365	0	1
3366	1	0
3367	1	0
3368	1	0
3369	0	1
3370	0	1
3371	1	0
3372	1	0
3373	1	0
3374	1	0
3375	0	1
3376	1	0
3377	1	0
3378	1	0
3379	0	1
3380	1	0
3381	0	1
3382	1	0
3383	0	1
3384	1	0
3385	1	0
3386	1	0
3387	0	1
3388	1	0
3389	0	1
3390	1	0
3391	1	0
3392	1	0
3393	1	0
3394	0	1
3395	1	0
3396	1	0
3397	1	0
3398	1	0
3399	1	0
3400	1	0
3401	1	0
3402	0	1
3403	1	0
3404	1	0
3405	1	0
3406	0	1
3407	1	0
3408	0	1
3409	0	1
3410	1	0
3411	0	1
3412	0	1
3413	1	0
3414	0	1
3415	0	1
3416	1	0
3417	1	0
3418	1	0
3419	1	0
3420	0	1
3421	1	0
3422	1	0
3423	1	0
3424	0	1
3425	1	0
3426	0	1
3427	0	1
3428	0	1
3429	0	1
3430	1	0
3431	0	1
3432	0	1
3433	0	1
3434	1	0
3435	0	1
3436	1	0
3437	0	1
3438	1	0
3439	0	1
3440	1	0
3441	1	0
3442	1	0
3443	1	0
3444	0	1
3445	1	0
3446	1	0
3447	0	1
3448	1	0
3449	1	0
3450	0	1
3451	1	0
3452	1	0
3453	1	0
3454	1	0
3455	1	0
3456	0	1
3457	0	1
3458	0	1
3459	0	1
3460	1	0
3461	1	0
3462	0	1
3463	0	1
3464	0	1
3465	1	0
3466	1	0
3467	1	0
3468	0	1
3469	1	0
3470	1	0
3471	1	0
3472	0	1
3473	1	0
3474	0	1
3475	1	0
3476	0	1
3477	1	0
3478	0	1
3479	0	1
3480	1	0
3481	1	0
3482	0	1
3483	0	1
3484	1	0
3485	1	0
3486	1	0
3487	0	1
3488	1	0
3489	1	0
3490	1	0
3491	0	1
3492	0	1
3493	1	0
3494	1	0
3495	1	0
3496	0	1
3497	1	0
3498	1	0
3499	0	1
3500	0	1
3501	1	0
3502	1	0
3503	1	0
3504	1	0
3505	0	1
3506	1	0
3507	1	0
3508	1	0
3509	0	1
3510	1	0
3511	1	0
3512	0	1
3513	1	0
3514	1	0
3515	1	0
3516	1	0
3517	1	0
3518	0	1
3519	1	0
3520	1	0
3521	1	0
3522	0	1
3523	1	0
3524	0	1
3525	0	1
3526	1	0
3527	1	0
3528	0	1
3529	1	0
3530	1	0
3531	1	0
3532	1	0
3533	1	0
3534	0	1
3535	0	1
3536	1	0
3537	0	1
3538	1	0
3539	0	1
3540	0	1
3541	1	0
3542	1	0
3543	1	0
3544	0	1
3545	0	1
3546	0	1
3547	0	1
3548	1	0
3549	1	0
3550	0	1
3551	1	0
3552	1	0
3553	0	1
3554	0	1
3555	0	1
3556	1	0
3557	0	1
3558	0	1
3559	1	0
3560	0	1
3561	1	0
3562	0	1
3563	1	0
3564	1	0
3565	1	0
3566	0	1
3567	0	1
3568	1	0
3569	0	1
3570	1	0
3571	0	1
3572	0	1
3573	0	1
3574	0	1
3575	1	0
3576	0	1
3577	1	0
3578	1	0
3579	0	1
3580	1	0
3581	0	1
3582	1	0
3583	0	1
3584	1	0
3585	1	0
3586	0	1
3587	1	0
3588	1	0
3589	1	0
3590	1	0
3591	0	1
3592	1	0
3593	1	0
3594	0	1
3595	1	0
3596	1	0
3597	1	0
3598	1	0
3599	1	0
3600	0	1
3601	0	1
3602	1	0
3603	1	0
3604	1	0
3605	0	1
3606	1	0
3607	0	1
3608	1	0
3609	1	0
3610	1	0
3611	1	0
3612	1	0
3613	0	1
3614	0	1
3615	0	1
3616	1	0
3617	1	0
3618	1	0
3619	1	0
3620	1	0
3621	1	0
3622	0	1
3623	0	1
3624	1	0
3625	0	1
3626	1	0
3627	1	0
3628	1	0
3629	1	0
3630	1	0
3631	0	1
3632	0	1
3633	0	1
3634	1	0
3635	1	0
3636	1	0
3637	0	1
3638	1	0
3639	1	0
3640	1	0
3641	1	0
3642	0	1
3643	0	1
3644	0	1
3645	1	0
3646	0	1
3647	0	1
3648	1	0
3649	1	0
3650	1	0
3651	0	1
3652	1	0
3653	0	1
3654	1	0
3655	0	1
3656	1	0
3657	1	0
3658	1	0
3659	1	0
3660	1	0
3661	0	1
3662	1	0
3663	0	1
3664	0	1
3665	0	1
3666	1	0
3667	1	0
3668	1	0
3669	1	0
3670	0	1
3671	0	1
3672	0	1
3673	1	0
3674	1	0
3675	1	0
3676	1	0
3677	1	0
3678	1	0
3679	1	0
3680	1	0
3681	1	0
3682	1	0
3683	1	0
3684	0	1
3685	1	0
3686	0	1
3687	1	0
3688	0	1
3689	1	0
3690	1	0
3691	1	0
3692	1	0
3693	1	0
3694	1	0
3695	0	1
3696	1	0
3697	1	0
3698	1	0
3699	1	0
3700	1	0
3701	1	0
3702	1	0
3703	1	0
3704	1	0
3705	1	0
3706	0	1
3707	0	1
3708	1	0
3709	1	0
3710	1	0
3711	1	0
3712	1	0
3713	1	0
3714	0	1
3715	0	1
3716	1	0
3717	1	0
3718	1	0
3719	1	0
3720	0	1
3721	1	0
3722	0	1
3723	1	0
3724	1	0
3725	1	0
3726	1	0
3727	0	1
3728	0	1
3729	1	0
3730	0	1
3731	0	1
3732	1	0
3733	0	1
3734	1	0
3735	1	0
3736	1	0
3737	1	0
3738	0	1
3739	0	1
3740	0	1
3741	1	0
3742	1	0
3743	1	0
3744	1	0
3745	1	0
3746	1	0
3747	1	0
3748	0	1
3749	0	1
3750	0	1
3751	1	0
3752	0	1
3753	1	0
3754	1	0
3755	0	1
3756	1	0
3757	1	0
3758	1	0
3759	0	1
3760	1	0
3761	1	0
3762	0	1
3763	0	1
3764	0	1
3765	1	0
3766	1	0
3767	1	0
3768	1	0
3769	0	1
3770	1	0
3771	1	0
3772	1	0
3773	0	1
3774	0	1
3775	0	1
3776	0	1
3777	1	0
3778	1	0
3779	1	0
3780	1	0
3781	0	1
3782	0	1
3783	1	0
3784	1	0
3785	1	0
3786	1	0
3787	1	0
3788	0	1
3789	1	0
3790	0	1
3791	1	0
3792	0	1
3793	1	0
3794	0	1
3795	1	0
3796	1	0
3797	0	1
3798	1	0
3799	1	0
3800	0	1
3801	1	0
3802	1	0
3803	1	0
3804	0	1
3805	1	0
3806	0	1
3807	0	1
3808	0	1
3809	0	1
3810	1	0
3811	0	1
3812	1	0
3813	0	1
3814	1	0
3815	1	0
3816	1	0
3817	1	0
3818	1	0
3819	0	1
3820	0	1
3821	1	0
3822	0	1
3823	1	0
3824	1	0
3825	1	0
3826	0	1
3827	1	0
3828	1	0
3829	1	0
3830	1	0
3831	1	0
3832	1	0
3833	0	1
3834	0	1
3835	1	0
3836	0	1
3837	1	0
3838	0	1
3839	1	0
3840	1	0
3841	1	0
3842	1	0
3843	1	0
3844	0	1
3845	1	0
3846	0	1
3847	0	1
3848	0	1
3849	1	0
3850	0	1
3851	0	1
3852	0	1
3853	0	1
3854	0	1
3855	1	0
3856	0	1
3857	1	0
3858	1	0
3859	1	0
3860	0	1
3861	0	1
3862	1	0
3863	0	1
3864	1	0
3865	1	0
3866	1	0
3867	0	1
3868	0	1
3869	1	0
3870	1	0
3871	0	1
3872	0	1
3873	1	0
3874	1	0
3875	1	0
3876	1	0
3877	1	0
3878	0	1
3879	1	0
3880	1	0
3881	0	1
3882	1	0
3883	0	1
3884	1	0
3885	0	1
3886	1	0
3887	0	1
3888	1	0
3889	0	1
3890	1	0
3891	1	0
3892	1	0
3893	1	0
3894	0	1
3895	1	0
3896	0	1
3897	1	0
3898	0	1
3899	1	0
3900	0	1
3901	0	1
3902	1	0
3903	0	1
3904	1	0
3905	1	0
3906	1	0
3907	1	0
3908	0	1
3909	1	0
3910	1	0
3911	1	0
3912	1	0
3913	0	1
3914	1	0
3915	1	0
3916	0	1
3917	1	0
3918	1	0
3919	1	0
3920	1	0
3921	1	0
3922	0	1
3923	0	1
3924	1	0
3925	1	0
3926	1	0
3927	1	0
3928	0	1
3929	0	1
3930	1	0
3931	0	1
3932	1	0
3933	1	0
3934	0	1
3935	1	0
3936	1	0
3937	0	1
3938	1	0
3939	1	0
3940	1	0
3941	1	0
3942	1	0
3943	1	0
3944	1	0
3945	1	0
3946	0	1
3947	1	0
3948	1	0
3949	1	0
3950	0	1
3951	0	1
3952	0	1
3953	0	1
3954	0	1
3955	1	0
3956	0	1
3957	1	0
3958	0	1
3959	0	1
3960	1	0
3961	0	1
3962	0	1
3963	1	0
3964	1	0
3965	1	0
3966	1	0
3967	0	1
3968	1	0
3969	0	1
3970	1	0
3971	1	0
3972	1	0
3973	1	0
3974	1	0
3975	1	0
3976	0	1
3977	1	0
3978	0	1
3979	0	1
3980	1	0
3981	0	1
3982	1	0
3983	1	0
3984	1	0
3985	0	1
3986	1	0
3987	0	1
3988	1	0
3989	1	0
3990	0	1
3991	0	1
3992	1	0
3993	1	0
3994	1	0
3995	1	0
3996	1	0
3997	0	1
3998	1	0
3999	1	0
4000	0	1
4001	1	0
4002	1	0
4003	1	0
4004	1	0
4005	1	0
4006	1	0
4007	1	0
4008	0	1
4009	1	0
4010	0	1
4011	1	0
4012	1	0
4013	1	0
4014	0	1
4015	0	1
4016	1	0
4017	1	0
4018	1	0
4019	1	0
4020	1	0
4021	0	1
4022	1	0
4023	1	0
4024	1	0
4025	0	1
4026	1	0
4027	0	1
4028	0	1
4029	1	0
4030	1	0
4031	0	1
4032	1	0
4033	1	0
4034	0	1
4035	1	0
4036	1	0
4037	0	1
4038	1	0
4039	1	0
4040	1	0
4041	1	0
4042	1	0
4043	0	1
4044	1	0
4045	1	0
4046	1	0
4047	1	0
4048	1	0
4049	1	0
4050	0	1
4051	0	1
4052	1	0
4053	1	0
4054	1	0
4055	1	0
4056	1	0
4057	0	1
4058	0	1
4059	1	0
4060	0	1
4061	1	0
4062	0	1
4063	1	0
4064	0	1
4065	1	0
4066	0	1
4067	1	0
4068	1	0
4069	1	0
4070	1	0
4071	1	0
4072	1	0
4073	1	0
4074	0	1
4075	1	0
4076	1	0
4077	1	0
4078	1	0
4079	1	0
4080	0	1
4081	1	0
4082	1	0
4083	1	0
4084	0	1
4085	0	1
4086	1	0
4087	1	0
4088	1	0
4089	1	0
4090	1	0
4091	1	0
4092	1	0
4093	1	0
4094	1	0
4095	1	0
4096	0	1
4097	0	1
4098	1	0
4099	1	0
4100	1	0
4101	0	1
4102	0	1
4103	1	0
4104	1	0
4105	1	0
4106	0	1
4107	0	1
4108	0	1
4109	1	0
4110	0	1
4111	0	1
4112	1	0
4113	1	0
4114	1	0
4115	0	1
4116	1	0
4117	1	0
4118	1	0
4119	1	0
4120	0	1
4121	1	0
4122	1	0
4123	0	1
4124	1	0
4125	1	0
4126	1	0
4127	1	0
4128	1	0
4129	1	0
4130	0	1
4131	0	1
4132	0	1
4133	1	0
4134	0	1
4135	0	1
4136	1	0
4137	1	0
4138	1	0
4139	1	0
4140	0	1
4141	1	0
4142	1	0
4143	1	0
4144	1	0
4145	1	0
4146	0	1
4147	1	0
4148	1	0
4149	1	0
4150	1	0
4151	1	0
4152	0	1
4153	1	0
4154	0	1
4155	1	0
4156	0	1
4157	1	0
4158	0	1
4159	0	1
4160	1	0
4161	1	0
4162	0	1
4163	1	0
4164	1	0
4165	1	0
4166	0	1
4167	1	0
4168	1	0
4169	1	0
4170	1	0
4171	1	0
4172	1	0
4173	1	0
4174	1	0
4175	1	0
4176	1	0
4177	1	0
4178	0	1
4179	1	0
4180	1	0
4181	0	1
4182	1	0
4183	1	0
4184	0	1
4185	0	1
4186	1	0
4187	1	0
4188	1	0
4189	1	0
4190	1	0
4191	0	1
4192	0	1
4193	1	0
4194	1	0
4195	1	0
4196	1	0
4197	1	0
4198	1	0
4199	1	0
4200	1	0
4201	0	1
4202	1	0
4203	1	0
4204	0	1
4205	1	0
4206	1	0
4207	0	1
4208	1	0
4209	1	0
4210	1	0
4211	1	0
4212	1	0
4213	1	0
4214	0	1
4215	1	0
4216	1	0
4217	1	0
4218	1	0
4219	0	1
4220	1	0
4221	0	1
4222	1	0
4223	0	1
4224	1	0
4225	1	0
4226	1	0
4227	1	0
4228	0	1
4229	1	0
4230	1	0
4231	1	0
4232	0	1
4233	1	0
4234	1	0
4235	0	1
4236	1	0
4237	0	1
4238	1	0
4239	0	1
4240	1	0
4241	0	1
4242	0	1
4243	0	1
4244	0	1
4245	0	1
4246	1	0
4247	1	0
4248	1	0
4249	1	0
4250	1	0
4251	0	1
4252	1	0
4253	0	1
4254	1	0
4255	1	0
4256	1	0
4257	1	0
4258	0	1
4259	1	0
4260	1	0
4261	0	1
4262	1	0
4263	0	1
4264	1	0
4265	0	1
4266	1	0
4267	1	0
4268	1	0
4269	1	0
4270	0	1
4271	1	0
4272	1	0
4273	0	1
4274	1	0
4275	1	0
4276	0	1
4277	1	0
4278	0	1
4279	0	1
4280	1	0
4281	0	1
4282	0	1
4283	0	1
4284	0	1
4285	1	0
4286	1	0
4287	1	0
4288	0	1
4289	0	1
4290	0	1
4291	0	1
4292	1	0
4293	1	0
4294	1	0
4295	1	0
4296	1	0
4297	1	0
4298	1	0
4299	1	0
4300	0	1
4301	0	1
4302	1	0
4303	0	1
4304	0	1
4305	1	0
4306	1	0
4307	1	0
4308	1	0
4309	1	0
4310	1	0
4311	0	1
4312	0	1
4313	1	0
4314	0	1
4315	0	1
4316	1	0
4317	0	1
4318	1	0
4319	1	0
4320	1	0
4321	1	0
4322	1	0
4323	1	0
4324	1	0
4325	0	1
4326	0	1
4327	1	0
4328	0	1
4329	0	1
4330	1	0
4331	1	0
4332	0	1
4333	0	1
4334	1	0
4335	0	1
4336	0	1
4337	0	1
4338	1	0
4339	1	0
4340	1	0
4341	0	1
4342	1	0
4343	1	0
4344	1	0
4345	1	0
4346	1	0
4347	1	0
4348	1	0
4349	1	0
4350	0	1
4351	1	0
4352	1	0
4353	0	1
4354	1	0
4355	0	1
4356	1	0
4357	1	0
4358	1	0
4359	1	0
4360	1	0
4361	1	0
4362	1	0
4363	1	0
4364	0	1
4365	1	0
4366	0	1
4367	0	1
4368	0	1
4369	0	1
4370	1	0
4371	0	1
4372	0	1
4373	0	1
4374	1	0
4375	0	1
4376	1	0
4377	0	1
4378	0	1
4379	1	0
4380	1	0
4381	0	1
4382	0	1
4383	1	0
4384	1	0
4385	1	0
4386	1	0
4387	1	0
4388	1	0
4389	1	0
4390	1	0
4391	0	1
4392	1	0
4393	1	0
4394	0	1
4395	0	1
4396	1	0
4397	1	0
4398	0	1
4399	0	1
4400	1	0
4401	1	0
4402	0	1
4403	1	0
4404	1	0
4405	1	0
4406	1	0
4407	1	0
4408	1	0
4409	1	0
4410	0	1
4411	1	0
4412	0	1
4413	1	0
4414	1	0
4415	1	0
4416	1	0
4417	0	1
4418	0	1
4419	0	1
4420	1	0
4421	0	1
4422	1	0
4423	1	0
4424	0	1
4425	1	0
4426	1	0
4427	0	1
4428	0	1
4429	1	0
4430	1	0
4431	0	1
4432	1	0
4433	1	0
4434	1	0
4435	0	1
4436	0	1
4437	1	0
4438	0	1
4439	1	0
4440	1	0
4441	1	0
4442	0	1
4443	1	0
4444	1	0
4445	1	0
4446	1	0
4447	1	0
4448	1	0
4449	1	0
4450	0	1
4451	0	1
4452	1	0
4453	1	0
4454	1	0
4455	1	0
4456	0	1
4457	1	0
4458	0	1
4459	0	1
4460	1	0
4461	1	0
4462	1	0
4463	1	0
4464	1	0
4465	1	0
4466	0	1
4467	0	1
4468	0	1
4469	1	0
4470	1	0
4471	1	0
4472	1	0
4473	0	1
4474	1	0
4475	1	0
4476	0	1
4477	1	0
4478	1	0
4479	1	0
4480	0	1
4481	1	0
4482	0	1
4483	1	0
4484	0	1
4485	1	0
