0	0	1
1	0	1
2	1	0
3	0	1
4	0	1
5	1	0
6	1	0
7	1	0
8	1	0
9	0	1
10	0	1
11	1	0
12	0	1
13	0	1
14	0	1
15	0	1
16	0	1
17	0	1
18	0	1
19	0	1
20	0	1
21	0	1
22	1	0
23	0	1
24	1	0
25	1	0
26	0	1
27	0	1
28	0	1
29	0	1
30	0	1
31	0	1
32	0	1
33	0	1
34	0	1
35	1	0
36	0	1
37	1	0
38	1	0
39	0	1
40	0	1
41	1	0
42	0	1
43	0	1
44	1	0
45	1	0
46	0	1
47	1	0
48	1	0
49	0	1
50	1	0
51	1	0
52	1	0
53	0	1
54	1	0
55	1	0
56	1	0
57	1	0
58	0	1
59	1	0
60	0	1
61	0	1
62	0	1
63	0	1
64	1	0
65	0	1
66	0	1
67	0	1
68	0	1
69	0	1
70	1	0
71	0	1
72	1	0
73	1	0
74	0	1
75	0	1
76	0	1
77	1	0
78	0	1
79	0	1
80	0	1
81	1	0
82	1	0
83	0	1
84	0	1
85	0	1
86	0	1
87	0	1
88	1	0
89	1	0
90	0	1
91	1	0
92	0	1
93	1	0
94	0	1
95	1	0
96	1	0
97	0	1
98	0	1
99	0	1
100	1	0
101	0	1
102	0	1
103	0	1
104	0	1
105	0	1
106	0	1
107	0	1
108	1	0
109	0	1
110	1	0
111	1	0
112	1	0
113	0	1
114	0	1
115	0	1
116	0	1
117	0	1
118	1	0
119	0	1
120	1	0
121	1	0
122	0	1
123	0	1
124	1	0
125	0	1
126	0	1
127	0	1
128	0	1
129	1	0
130	0	1
131	0	1
132	0	1
133	0	1
134	0	1
135	0	1
136	1	0
137	1	0
138	0	1
139	0	1
140	0	1
141	1	0
142	0	1
143	0	1
144	0	1
145	1	0
146	0	1
147	1	0
148	1	0
149	1	0
150	0	1
151	0	1
152	0	1
153	0	1
154	0	1
155	0	1
156	1	0
157	1	0
158	1	0
159	0	1
160	0	1
161	0	1
162	1	0
163	1	0
164	0	1
165	0	1
166	0	1
167	0	1
168	0	1
169	1	0
170	0	1
171	0	1
172	0	1
173	0	1
174	0	1
175	0	1
176	0	1
177	1	0
178	1	0
179	1	0
180	0	1
181	0	1
182	0	1
183	0	1
184	1	0
185	0	1
186	1	0
187	1	0
188	0	1
189	0	1
190	0	1
191	1	0
192	0	1
193	1	0
194	0	1
195	0	1
196	0	1
197	1	0
198	0	1
199	0	1
200	1	0
201	0	1
202	0	1
203	0	1
204	1	0
205	0	1
206	1	0
207	0	1
208	0	1
209	0	1
210	0	1
211	0	1
212	0	1
213	0	1
214	1	0
215	0	1
216	0	1
217	0	1
218	0	1
219	1	0
220	0	1
221	0	1
222	1	0
223	1	0
224	0	1
225	0	1
226	0	1
227	0	1
228	0	1
229	0	1
230	0	1
231	0	1
232	0	1
233	0	1
234	1	0
235	1	0
236	0	1
237	0	1
238	1	0
239	0	1
240	0	1
241	1	0
242	0	1
243	0	1
244	1	0
245	1	0
246	1	0
247	1	0
248	0	1
249	0	1
250	0	1
251	0	1
252	1	0
253	0	1
254	0	1
255	0	1
256	1	0
257	1	0
258	0	1
259	0	1
260	1	0
261	0	1
262	0	1
263	0	1
264	1	0
265	0	1
266	1	0
267	0	1
268	0	1
269	1	0
270	1	0
271	0	1
272	0	1
273	0	1
274	0	1
275	1	0
276	0	1
277	0	1
278	0	1
279	0	1
280	0	1
281	1	0
282	0	1
283	1	0
284	0	1
285	0	1
286	0	1
287	0	1
288	0	1
289	1	0
290	1	0
291	0	1
292	1	0
293	0	1
294	0	1
295	0	1
296	0	1
297	0	1
298	0	1
299	0	1
300	1	0
301	1	0
302	1	0
303	0	1
304	0	1
305	0	1
306	0	1
307	1	0
308	0	1
309	0	1
310	0	1
311	0	1
312	1	0
313	0	1
314	1	0
315	0	1
316	1	0
317	0	1
318	0	1
319	0	1
320	1	0
321	1	0
322	0	1
323	0	1
324	0	1
325	1	0
326	0	1
327	0	1
328	0	1
329	0	1
330	0	1
331	0	1
332	0	1
333	1	0
334	1	0
335	0	1
336	0	1
337	1	0
338	0	1
339	0	1
340	1	0
341	0	1
342	0	1
343	0	1
344	0	1
345	0	1
346	0	1
347	0	1
348	0	1
349	0	1
350	0	1
351	0	1
352	0	1
353	0	1
354	0	1
355	0	1
356	1	0
357	0	1
358	0	1
359	1	0
360	0	1
361	0	1
362	1	0
363	1	0
364	0	1
365	0	1
366	0	1
367	1	0
368	1	0
369	1	0
370	0	1
371	0	1
372	1	0
373	1	0
374	0	1
375	0	1
376	0	1
377	0	1
378	0	1
379	1	0
380	0	1
381	1	0
382	0	1
383	0	1
384	0	1
385	1	0
386	1	0
387	0	1
388	1	0
389	0	1
390	0	1
391	0	1
392	0	1
393	1	0
394	1	0
395	0	1
396	1	0
397	1	0
398	0	1
399	1	0
400	1	0
401	1	0
402	0	1
403	1	0
404	1	0
405	1	0
406	1	0
407	0	1
408	0	1
409	0	1
410	1	0
411	0	1
412	0	1
413	0	1
414	1	0
415	0	1
416	0	1
417	1	0
418	1	0
419	0	1
420	0	1
421	0	1
422	1	0
423	1	0
424	0	1
425	0	1
426	0	1
427	0	1
428	1	0
429	1	0
430	1	0
431	0	1
432	1	0
433	0	1
434	0	1
435	0	1
436	1	0
437	0	1
438	0	1
439	0	1
440	1	0
441	1	0
442	1	0
443	1	0
444	0	1
445	0	1
446	1	0
447	0	1
448	0	1
449	0	1
450	1	0
451	1	0
452	0	1
453	0	1
454	0	1
455	0	1
456	0	1
457	0	1
458	0	1
459	0	1
460	0	1
461	1	0
462	0	1
463	0	1
464	1	0
465	0	1
466	0	1
467	1	0
468	1	0
469	1	0
470	1	0
471	0	1
472	1	0
473	0	1
474	0	1
475	0	1
476	1	0
477	0	1
478	0	1
479	0	1
480	1	0
481	0	1
482	1	0
483	0	1
484	0	1
485	0	1
486	0	1
487	1	0
488	0	1
489	1	0
490	0	1
491	0	1
492	0	1
493	0	1
494	1	0
495	1	0
496	0	1
497	0	1
498	0	1
499	1	0
500	1	0
501	0	1
502	1	0
503	0	1
504	0	1
505	0	1
506	0	1
507	0	1
508	0	1
509	1	0
510	0	1
511	0	1
512	1	0
513	1	0
514	0	1
515	0	1
516	0	1
517	0	1
518	0	1
519	0	1
520	0	1
521	1	0
522	1	0
523	1	0
524	0	1
525	0	1
526	0	1
527	0	1
528	1	0
529	1	0
530	0	1
531	1	0
532	1	0
533	0	1
534	0	1
535	0	1
536	0	1
537	1	0
538	0	1
539	0	1
540	0	1
541	0	1
542	0	1
543	0	1
544	0	1
545	0	1
546	0	1
547	1	0
548	0	1
549	1	0
550	1	0
551	0	1
552	0	1
553	0	1
554	0	1
555	0	1
556	0	1
557	1	0
558	0	1
559	1	0
560	0	1
561	0	1
562	0	1
563	1	0
564	1	0
565	1	0
566	0	1
567	0	1
568	0	1
569	0	1
570	0	1
571	1	0
572	0	1
573	0	1
574	0	1
575	1	0
576	1	0
577	0	1
578	0	1
579	0	1
580	1	0
581	0	1
582	1	0
583	0	1
584	0	1
585	1	0
586	0	1
587	0	1
588	0	1
589	0	1
590	0	1
591	0	1
592	0	1
593	0	1
594	1	0
595	0	1
596	0	1
597	0	1
598	1	0
599	0	1
600	1	0
601	1	0
602	0	1
603	0	1
604	0	1
605	0	1
606	1	0
607	1	0
608	0	1
609	0	1
610	1	0
611	1	0
612	0	1
613	0	1
614	0	1
615	1	0
616	0	1
617	0	1
618	0	1
619	1	0
620	1	0
621	0	1
622	0	1
623	0	1
624	1	0
625	0	1
626	1	0
627	0	1
628	0	1
629	0	1
630	1	0
631	0	1
632	1	0
633	0	1
634	0	1
635	1	0
636	1	0
637	0	1
638	1	0
639	1	0
640	0	1
641	1	0
642	0	1
643	0	1
644	1	0
645	1	0
646	0	1
647	0	1
648	0	1
649	0	1
650	1	0
651	0	1
652	1	0
653	1	0
654	0	1
655	0	1
656	0	1
657	1	0
658	0	1
659	1	0
660	1	0
661	0	1
662	1	0
663	1	0
664	1	0
665	0	1
666	0	1
667	0	1
668	0	1
669	0	1
670	1	0
671	0	1
672	0	1
673	0	1
674	0	1
675	0	1
676	0	1
677	0	1
678	1	0
679	1	0
680	0	1
681	1	0
682	0	1
683	0	1
684	0	1
685	0	1
686	0	1
687	0	1
688	0	1
689	0	1
690	1	0
691	0	1
692	0	1
693	0	1
694	1	0
695	1	0
696	0	1
697	1	0
698	1	0
699	1	0
700	0	1
701	0	1
702	0	1
703	1	0
704	1	0
705	0	1
706	1	0
707	0	1
708	1	0
709	0	1
710	0	1
711	0	1
712	1	0
713	0	1
714	0	1
715	0	1
716	1	0
717	0	1
718	0	1
719	0	1
720	0	1
721	0	1
722	1	0
723	0	1
724	0	1
725	1	0
726	1	0
727	1	0
728	0	1
729	0	1
730	0	1
731	0	1
732	1	0
733	0	1
734	0	1
735	0	1
736	1	0
737	0	1
738	0	1
739	0	1
740	1	0
741	1	0
742	0	1
743	1	0
744	0	1
745	1	0
746	0	1
747	0	1
748	0	1
749	0	1
750	0	1
751	0	1
752	1	0
753	0	1
754	1	0
755	1	0
756	1	0
757	1	0
758	0	1
759	1	0
760	1	0
761	0	1
762	0	1
763	1	0
764	0	1
765	1	0
766	0	1
767	0	1
768	0	1
769	0	1
770	0	1
771	0	1
772	0	1
773	0	1
774	0	1
775	0	1
776	1	0
777	1	0
778	1	0
779	0	1
780	0	1
781	0	1
782	1	0
783	1	0
784	1	0
785	0	1
786	0	1
787	0	1
788	1	0
789	1	0
790	0	1
791	0	1
792	0	1
793	0	1
794	1	0
795	1	0
796	0	1
797	0	1
798	0	1
799	0	1
800	0	1
801	1	0
802	0	1
803	0	1
804	1	0
805	0	1
806	0	1
807	1	0
808	0	1
809	0	1
810	0	1
811	0	1
812	1	0
813	1	0
814	0	1
815	0	1
816	0	1
817	1	0
818	0	1
819	1	0
820	0	1
821	0	1
822	0	1
823	0	1
824	1	0
825	0	1
826	0	1
827	0	1
828	1	0
829	0	1
830	0	1
831	1	0
832	0	1
833	0	1
834	0	1
835	0	1
836	0	1
837	0	1
838	1	0
839	1	0
840	0	1
841	1	0
842	0	1
843	0	1
844	1	0
845	0	1
846	0	1
847	0	1
848	1	0
849	0	1
850	0	1
851	0	1
852	0	1
853	0	1
854	0	1
855	1	0
856	0	1
857	1	0
858	1	0
859	0	1
860	0	1
861	0	1
862	0	1
863	0	1
864	0	1
865	0	1
866	0	1
867	0	1
868	1	0
869	0	1
870	1	0
871	0	1
872	0	1
873	1	0
874	1	0
875	1	0
876	0	1
877	0	1
878	0	1
879	0	1
880	0	1
881	0	1
882	0	1
883	0	1
884	0	1
885	1	0
886	0	1
887	1	0
888	0	1
889	1	0
890	0	1
891	0	1
892	0	1
893	1	0
894	0	1
895	1	0
896	0	1
897	1	0
898	1	0
899	1	0
900	0	1
901	1	0
902	0	1
903	0	1
904	1	0
905	0	1
906	1	0
907	0	1
908	1	0
909	0	1
910	1	0
911	0	1
912	1	0
913	1	0
914	1	0
915	0	1
916	1	0
917	0	1
918	0	1
919	1	0
920	0	1
921	1	0
922	0	1
923	0	1
924	0	1
925	0	1
926	0	1
927	1	0
928	1	0
929	1	0
930	1	0
931	0	1
932	1	0
933	1	0
934	1	0
935	1	0
936	0	1
937	1	0
938	0	1
939	0	1
940	1	0
941	0	1
942	0	1
943	0	1
944	0	1
945	1	0
946	1	0
947	0	1
948	0	1
949	0	1
950	0	1
951	0	1
952	0	1
953	0	1
954	0	1
955	1	0
956	0	1
957	0	1
958	1	0
959	0	1
960	0	1
961	0	1
962	0	1
963	0	1
964	1	0
965	1	0
966	0	1
967	0	1
968	1	0
969	1	0
970	1	0
971	1	0
972	1	0
973	1	0
974	0	1
975	0	1
976	0	1
977	0	1
978	1	0
979	0	1
980	0	1
981	0	1
982	0	1
983	0	1
984	0	1
985	0	1
986	0	1
987	1	0
988	1	0
989	1	0
990	0	1
991	1	0
992	0	1
993	0	1
994	0	1
995	1	0
996	0	1
997	0	1
998	0	1
999	0	1
1000	0	1
1001	1	0
1002	1	0
1003	0	1
1004	0	1
1005	0	1
1006	0	1
1007	0	1
1008	0	1
1009	0	1
1010	1	0
1011	0	1
1012	1	0
1013	1	0
1014	1	0
1015	0	1
1016	0	1
1017	1	0
1018	1	0
1019	0	1
1020	0	1
1021	0	1
1022	1	0
1023	0	1
1024	1	0
1025	1	0
1026	0	1
1027	0	1
1028	0	1
1029	0	1
1030	0	1
1031	0	1
1032	1	0
1033	0	1
1034	0	1
1035	0	1
1036	0	1
1037	0	1
1038	0	1
1039	0	1
1040	0	1
1041	0	1
1042	0	1
1043	0	1
1044	0	1
1045	0	1
1046	0	1
1047	0	1
1048	1	0
1049	1	0
1050	1	0
1051	1	0
1052	0	1
1053	0	1
1054	1	0
1055	0	1
1056	0	1
1057	0	1
1058	0	1
1059	0	1
1060	0	1
1061	0	1
1062	0	1
1063	0	1
1064	0	1
1065	0	1
1066	0	1
1067	0	1
1068	1	0
1069	1	0
1070	1	0
1071	0	1
1072	0	1
1073	1	0
1074	1	0
1075	0	1
1076	1	0
1077	1	0
1078	1	0
1079	1	0
1080	1	0
1081	0	1
1082	1	0
1083	0	1
1084	1	0
1085	0	1
1086	1	0
1087	0	1
1088	0	1
1089	1	0
1090	1	0
1091	0	1
1092	1	0
1093	0	1
1094	0	1
1095	1	0
1096	1	0
1097	0	1
1098	0	1
1099	0	1
1100	0	1
1101	0	1
1102	1	0
1103	0	1
1104	0	1
1105	0	1
1106	0	1
1107	1	0
1108	1	0
1109	0	1
1110	1	0
1111	0	1
1112	0	1
1113	1	0
1114	1	0
1115	0	1
1116	0	1
1117	1	0
1118	0	1
1119	0	1
1120	0	1
1121	0	1
1122	0	1
1123	0	1
1124	0	1
1125	0	1
1126	0	1
1127	1	0
1128	0	1
1129	0	1
1130	0	1
1131	0	1
1132	0	1
1133	0	1
1134	0	1
1135	0	1
1136	1	0
1137	1	0
1138	0	1
1139	0	1
1140	0	1
1141	0	1
1142	0	1
1143	1	0
1144	0	1
1145	0	1
1146	0	1
1147	0	1
1148	0	1
1149	0	1
1150	0	1
1151	0	1
1152	0	1
1153	0	1
1154	1	0
1155	0	1
1156	1	0
1157	1	0
1158	0	1
1159	0	1
1160	1	0
1161	1	0
1162	0	1
1163	0	1
1164	0	1
1165	0	1
1166	1	0
1167	0	1
1168	0	1
1169	1	0
1170	0	1
1171	0	1
1172	0	1
1173	1	0
1174	0	1
1175	0	1
1176	1	0
1177	0	1
1178	0	1
1179	0	1
1180	0	1
1181	0	1
1182	0	1
1183	1	0
1184	0	1
1185	0	1
1186	0	1
1187	0	1
1188	1	0
1189	1	0
1190	0	1
1191	0	1
1192	0	1
1193	0	1
1194	0	1
1195	0	1
1196	1	0
1197	0	1
1198	0	1
1199	0	1
1200	0	1
1201	0	1
1202	1	0
1203	0	1
1204	1	0
1205	0	1
1206	1	0
1207	0	1
1208	0	1
1209	0	1
1210	1	0
1211	0	1
1212	0	1
1213	0	1
1214	0	1
1215	0	1
1216	1	0
1217	0	1
1218	1	0
1219	1	0
1220	1	0
1221	1	0
1222	0	1
1223	1	0
1224	0	1
1225	1	0
1226	1	0
1227	1	0
1228	0	1
1229	0	1
1230	0	1
1231	0	1
1232	0	1
1233	0	1
1234	0	1
1235	1	0
1236	1	0
1237	0	1
1238	0	1
1239	1	0
1240	1	0
1241	0	1
1242	1	0
1243	0	1
1244	0	1
1245	0	1
1246	1	0
1247	0	1
1248	0	1
1249	0	1
1250	0	1
1251	0	1
1252	0	1
1253	0	1
1254	1	0
1255	0	1
1256	1	0
1257	0	1
1258	1	0
1259	0	1
1260	0	1
1261	0	1
1262	0	1
1263	1	0
1264	1	0
1265	1	0
1266	0	1
1267	1	0
1268	0	1
1269	0	1
1270	1	0
1271	1	0
1272	1	0
1273	1	0
1274	1	0
1275	0	1
1276	1	0
1277	0	1
1278	1	0
1279	0	1
1280	0	1
1281	1	0
1282	1	0
1283	0	1
1284	1	0
1285	1	0
1286	0	1
1287	0	1
1288	0	1
1289	0	1
1290	0	1
1291	0	1
1292	1	0
1293	1	0
1294	1	0
1295	0	1
1296	0	1
1297	0	1
1298	1	0
1299	0	1
1300	0	1
1301	1	0
1302	0	1
1303	0	1
1304	0	1
1305	0	1
1306	0	1
1307	1	0
1308	1	0
1309	0	1
1310	1	0
1311	0	1
1312	0	1
1313	0	1
1314	1	0
1315	1	0
1316	0	1
1317	1	0
1318	0	1
1319	0	1
1320	1	0
1321	0	1
1322	1	0
1323	0	1
1324	0	1
1325	0	1
1326	0	1
1327	0	1
1328	0	1
1329	1	0
1330	1	0
1331	1	0
1332	0	1
1333	0	1
1334	0	1
1335	0	1
1336	0	1
1337	0	1
1338	0	1
1339	1	0
1340	0	1
1341	0	1
1342	1	0
1343	0	1
1344	0	1
1345	1	0
1346	0	1
1347	0	1
1348	1	0
1349	0	1
1350	1	0
1351	0	1
1352	0	1
1353	0	1
1354	0	1
1355	1	0
1356	0	1
1357	1	0
1358	0	1
1359	0	1
1360	0	1
1361	1	0
1362	0	1
1363	1	0
1364	1	0
1365	1	0
1366	0	1
1367	1	0
1368	1	0
1369	0	1
1370	0	1
1371	0	1
1372	1	0
1373	0	1
1374	0	1
1375	0	1
1376	0	1
1377	0	1
1378	0	1
1379	1	0
1380	0	1
1381	1	0
1382	1	0
1383	0	1
1384	1	0
1385	0	1
1386	1	0
1387	0	1
1388	0	1
1389	0	1
1390	1	0
1391	0	1
1392	0	1
1393	0	1
1394	0	1
1395	0	1
1396	1	0
1397	0	1
1398	1	0
1399	0	1
1400	1	0
1401	1	0
1402	1	0
1403	0	1
1404	0	1
1405	1	0
1406	1	0
1407	0	1
1408	0	1
1409	0	1
1410	0	1
1411	1	0
1412	0	1
1413	0	1
1414	0	1
1415	0	1
1416	0	1
1417	0	1
1418	0	1
1419	1	0
1420	1	0
1421	0	1
1422	0	1
1423	1	0
1424	0	1
1425	0	1
1426	0	1
1427	0	1
1428	0	1
1429	0	1
1430	0	1
1431	0	1
1432	1	0
1433	0	1
1434	1	0
1435	0	1
1436	1	0
1437	1	0
1438	1	0
1439	0	1
1440	0	1
1441	1	0
1442	1	0
1443	0	1
1444	0	1
1445	1	0
1446	1	0
1447	1	0
1448	0	1
1449	1	0
1450	1	0
1451	0	1
1452	1	0
1453	1	0
1454	0	1
1455	0	1
1456	1	0
1457	1	0
1458	0	1
1459	0	1
1460	0	1
1461	0	1
1462	0	1
1463	1	0
1464	1	0
1465	1	0
1466	0	1
1467	0	1
1468	0	1
1469	0	1
1470	1	0
1471	0	1
1472	0	1
1473	0	1
1474	0	1
1475	0	1
1476	0	1
1477	0	1
1478	1	0
1479	0	1
1480	1	0
1481	1	0
1482	0	1
1483	1	0
1484	0	1
1485	0	1
1486	0	1
1487	1	0
1488	1	0
1489	0	1
1490	0	1
1491	0	1
1492	1	0
1493	0	1
1494	1	0
1495	0	1
1496	0	1
1497	0	1
1498	1	0
1499	0	1
1500	0	1
1501	0	1
1502	0	1
1503	0	1
1504	0	1
1505	0	1
1506	1	0
1507	0	1
1508	0	1
1509	0	1
1510	0	1
1511	1	0
1512	0	1
1513	1	0
1514	1	0
1515	1	0
1516	0	1
1517	0	1
1518	0	1
1519	1	0
1520	0	1
1521	1	0
1522	0	1
1523	0	1
1524	0	1
1525	0	1
1526	0	1
1527	1	0
1528	0	1
1529	1	0
1530	1	0
1531	0	1
1532	0	1
1533	0	1
1534	1	0
1535	1	0
1536	1	0
1537	0	1
1538	1	0
1539	1	0
1540	0	1
1541	0	1
1542	0	1
1543	1	0
1544	0	1
1545	1	0
1546	1	0
1547	0	1
1548	1	0
1549	0	1
1550	1	0
1551	0	1
1552	0	1
1553	0	1
1554	0	1
1555	0	1
1556	0	1
1557	1	0
1558	0	1
1559	0	1
1560	1	0
1561	1	0
1562	0	1
1563	0	1
1564	0	1
1565	0	1
1566	0	1
1567	0	1
1568	1	0
1569	0	1
1570	0	1
1571	1	0
1572	0	1
1573	1	0
1574	0	1
1575	1	0
1576	1	0
1577	0	1
1578	1	0
1579	1	0
1580	1	0
1581	1	0
1582	0	1
1583	0	1
1584	0	1
1585	0	1
1586	0	1
1587	0	1
1588	1	0
1589	1	0
1590	0	1
1591	1	0
1592	1	0
1593	0	1
1594	1	0
1595	0	1
1596	0	1
1597	0	1
1598	0	1
1599	0	1
1600	0	1
1601	1	0
1602	0	1
1603	0	1
1604	1	0
1605	1	0
1606	1	0
1607	1	0
1608	1	0
1609	0	1
1610	0	1
1611	0	1
1612	1	0
1613	0	1
1614	1	0
1615	0	1
1616	0	1
1617	0	1
1618	0	1
1619	0	1
1620	1	0
1621	0	1
1622	1	0
1623	0	1
1624	1	0
1625	0	1
1626	0	1
1627	0	1
1628	0	1
1629	1	0
1630	0	1
1631	0	1
1632	0	1
1633	0	1
1634	0	1
1635	0	1
1636	0	1
1637	0	1
1638	0	1
1639	0	1
1640	0	1
1641	1	0
1642	0	1
1643	0	1
1644	1	0
1645	0	1
1646	0	1
1647	0	1
1648	0	1
1649	1	0
1650	1	0
1651	1	0
1652	0	1
1653	0	1
1654	0	1
1655	1	0
1656	1	0
1657	0	1
1658	0	1
1659	0	1
1660	1	0
1661	1	0
1662	1	0
1663	1	0
1664	1	0
1665	0	1
1666	0	1
1667	1	0
1668	0	1
1669	1	0
1670	0	1
1671	0	1
1672	0	1
1673	0	1
1674	0	1
1675	0	1
1676	0	1
1677	0	1
1678	1	0
1679	1	0
1680	0	1
1681	0	1
1682	0	1
1683	1	0
1684	0	1
1685	0	1
1686	0	1
1687	0	1
1688	0	1
1689	0	1
1690	0	1
1691	0	1
1692	0	1
1693	0	1
1694	0	1
1695	1	0
1696	1	0
1697	0	1
1698	0	1
1699	1	0
1700	1	0
1701	1	0
1702	1	0
1703	0	1
1704	1	0
1705	1	0
1706	0	1
1707	1	0
1708	0	1
1709	1	0
1710	1	0
1711	0	1
1712	1	0
1713	0	1
1714	1	0
1715	0	1
1716	0	1
1717	1	0
1718	0	1
1719	0	1
1720	0	1
1721	1	0
1722	1	0
1723	1	0
1724	1	0
1725	1	0
1726	1	0
1727	0	1
1728	0	1
1729	0	1
1730	1	0
1731	1	0
1732	0	1
1733	1	0
1734	1	0
1735	0	1
1736	0	1
1737	1	0
1738	0	1
1739	0	1
1740	0	1
1741	0	1
1742	1	0
1743	0	1
1744	0	1
1745	0	1
1746	1	0
1747	0	1
1748	1	0
1749	1	0
1750	0	1
1751	0	1
1752	1	0
1753	1	0
1754	0	1
1755	1	0
1756	0	1
1757	0	1
1758	0	1
1759	0	1
1760	0	1
1761	0	1
1762	1	0
1763	0	1
1764	0	1
1765	0	1
1766	1	0
1767	0	1
1768	0	1
1769	1	0
1770	0	1
1771	0	1
1772	1	0
1773	1	0
1774	0	1
1775	1	0
1776	0	1
1777	0	1
1778	1	0
1779	0	1
1780	0	1
1781	0	1
1782	0	1
1783	1	0
1784	0	1
1785	0	1
1786	0	1
1787	0	1
1788	0	1
1789	0	1
1790	0	1
1791	0	1
1792	1	0
1793	1	0
1794	0	1
1795	0	1
1796	1	0
1797	1	0
1798	0	1
1799	1	0
1800	0	1
1801	0	1
1802	0	1
1803	0	1
1804	1	0
1805	1	0
1806	0	1
1807	0	1
1808	0	1
1809	0	1
1810	0	1
1811	1	0
1812	0	1
1813	0	1
1814	0	1
1815	1	0
1816	0	1
1817	0	1
1818	0	1
1819	0	1
1820	0	1
1821	0	1
1822	0	1
1823	0	1
1824	0	1
1825	1	0
1826	0	1
1827	0	1
1828	0	1
1829	1	0
1830	1	0
1831	0	1
1832	0	1
1833	1	0
1834	0	1
1835	0	1
1836	0	1
1837	0	1
1838	0	1
1839	0	1
1840	0	1
1841	1	0
1842	1	0
1843	1	0
1844	0	1
1845	0	1
1846	1	0
1847	0	1
1848	0	1
1849	0	1
1850	0	1
1851	0	1
1852	0	1
1853	0	1
1854	0	1
1855	0	1
1856	0	1
1857	1	0
1858	1	0
1859	0	1
1860	0	1
1861	0	1
1862	0	1
1863	0	1
1864	0	1
1865	0	1
1866	0	1
1867	0	1
1868	0	1
1869	1	0
1870	0	1
1871	0	1
1872	1	0
1873	0	1
1874	0	1
1875	1	0
1876	0	1
1877	1	0
1878	0	1
1879	0	1
1880	1	0
1881	1	0
1882	0	1
1883	1	0
1884	0	1
1885	1	0
1886	0	1
1887	0	1
1888	0	1
1889	1	0
1890	0	1
1891	1	0
1892	1	0
1893	1	0
1894	0	1
1895	0	1
1896	0	1
1897	0	1
1898	0	1
1899	0	1
1900	0	1
1901	0	1
1902	1	0
1903	1	0
1904	0	1
1905	0	1
1906	0	1
1907	1	0
1908	0	1
1909	1	0
1910	0	1
1911	0	1
1912	0	1
1913	0	1
1914	0	1
1915	1	0
1916	0	1
1917	1	0
1918	0	1
1919	1	0
1920	0	1
1921	0	1
1922	1	0
1923	0	1
1924	0	1
1925	0	1
1926	0	1
1927	0	1
1928	0	1
1929	1	0
1930	1	0
1931	0	1
1932	1	0
1933	0	1
1934	0	1
1935	1	0
1936	1	0
1937	0	1
1938	0	1
1939	0	1
1940	1	0
1941	0	1
1942	1	0
1943	1	0
1944	1	0
1945	0	1
1946	0	1
1947	1	0
1948	0	1
1949	0	1
1950	0	1
1951	0	1
1952	1	0
1953	0	1
1954	0	1
1955	0	1
1956	1	0
1957	1	0
1958	0	1
1959	0	1
1960	1	0
1961	1	0
1962	0	1
1963	0	1
1964	1	0
1965	0	1
1966	0	1
1967	0	1
1968	0	1
1969	0	1
1970	0	1
1971	1	0
1972	0	1
1973	1	0
1974	0	1
1975	1	0
1976	0	1
1977	1	0
1978	0	1
1979	0	1
1980	1	0
1981	0	1
1982	1	0
1983	0	1
1984	1	0
1985	0	1
1986	0	1
1987	1	0
1988	0	1
1989	0	1
1990	0	1
1991	1	0
1992	1	0
1993	0	1
1994	1	0
1995	1	0
1996	0	1
1997	1	0
1998	0	1
1999	0	1
2000	0	1
2001	0	1
2002	0	1
2003	0	1
2004	0	1
2005	0	1
2006	1	0
2007	1	0
2008	0	1
2009	0	1
2010	1	0
2011	0	1
2012	0	1
2013	1	0
2014	0	1
2015	0	1
2016	0	1
2017	1	0
2018	0	1
2019	0	1
2020	0	1
2021	0	1
2022	1	0
2023	0	1
2024	0	1
2025	0	1
2026	1	0
2027	0	1
2028	1	0
2029	0	1
2030	1	0
2031	1	0
2032	0	1
2033	0	1
2034	1	0
2035	0	1
2036	0	1
2037	1	0
2038	1	0
2039	0	1
2040	0	1
2041	0	1
2042	0	1
2043	1	0
2044	0	1
2045	0	1
2046	1	0
2047	0	1
2048	0	1
2049	0	1
2050	0	1
2051	1	0
2052	0	1
2053	0	1
2054	0	1
2055	0	1
2056	0	1
2057	0	1
2058	0	1
2059	0	1
2060	1	0
2061	0	1
2062	1	0
2063	1	0
2064	0	1
2065	0	1
2066	0	1
2067	1	0
2068	1	0
2069	0	1
2070	1	0
2071	1	0
2072	0	1
2073	0	1
2074	1	0
2075	0	1
2076	1	0
2077	0	1
2078	1	0
2079	0	1
2080	0	1
2081	0	1
2082	0	1
2083	0	1
2084	1	0
2085	1	0
2086	0	1
2087	0	1
2088	1	0
2089	1	0
2090	0	1
2091	0	1
2092	0	1
2093	1	0
2094	0	1
2095	0	1
2096	0	1
2097	0	1
2098	1	0
2099	0	1
2100	0	1
2101	0	1
2102	1	0
2103	1	0
2104	0	1
2105	0	1
2106	1	0
2107	1	0
2108	0	1
2109	1	0
2110	0	1
2111	0	1
2112	1	0
2113	0	1
2114	1	0
2115	0	1
2116	1	0
2117	0	1
2118	0	1
2119	1	0
2120	0	1
2121	1	0
2122	0	1
2123	0	1
2124	0	1
2125	1	0
2126	0	1
2127	1	0
2128	1	0
2129	0	1
2130	0	1
2131	0	1
2132	1	0
2133	1	0
2134	0	1
2135	0	1
2136	0	1
2137	0	1
2138	0	1
2139	0	1
2140	1	0
2141	1	0
2142	0	1
2143	1	0
2144	0	1
2145	0	1
2146	0	1
2147	0	1
2148	0	1
2149	0	1
2150	1	0
2151	0	1
2152	1	0
2153	0	1
2154	0	1
2155	0	1
2156	0	1
2157	0	1
2158	0	1
2159	0	1
2160	0	1
2161	1	0
2162	1	0
2163	0	1
2164	0	1
2165	0	1
2166	0	1
2167	0	1
2168	0	1
2169	1	0
2170	1	0
2171	0	1
2172	1	0
2173	1	0
2174	0	1
2175	0	1
2176	1	0
2177	0	1
2178	0	1
2179	0	1
2180	0	1
2181	0	1
2182	0	1
2183	0	1
2184	0	1
2185	0	1
2186	0	1
2187	0	1
2188	1	0
2189	0	1
2190	0	1
2191	0	1
2192	0	1
2193	1	0
2194	0	1
2195	0	1
2196	1	0
2197	1	0
2198	1	0
2199	0	1
2200	1	0
2201	1	0
2202	0	1
2203	0	1
2204	0	1
2205	1	0
2206	1	0
2207	0	1
2208	0	1
2209	1	0
2210	1	0
2211	0	1
2212	0	1
2213	0	1
2214	0	1
2215	1	0
2216	0	1
2217	1	0
2218	1	0
2219	1	0
2220	0	1
2221	0	1
2222	0	1
2223	0	1
2224	0	1
2225	0	1
2226	0	1
2227	0	1
2228	1	0
2229	1	0
2230	0	1
2231	1	0
2232	1	0
2233	1	0
2234	0	1
2235	1	0
2236	0	1
2237	0	1
2238	1	0
2239	0	1
2240	1	0
2241	0	1
2242	1	0
2243	0	1
2244	0	1
2245	0	1
2246	1	0
2247	1	0
2248	1	0
2249	1	0
2250	0	1
2251	0	1
2252	0	1
2253	0	1
2254	0	1
2255	0	1
2256	0	1
2257	0	1
2258	0	1
2259	1	0
2260	1	0
2261	1	0
2262	0	1
2263	0	1
2264	0	1
2265	0	1
2266	0	1
2267	0	1
2268	1	0
2269	0	1
2270	0	1
2271	0	1
2272	1	0
2273	1	0
2274	1	0
2275	1	0
2276	1	0
2277	1	0
2278	0	1
2279	0	1
2280	0	1
2281	0	1
2282	0	1
2283	1	0
2284	0	1
2285	0	1
2286	0	1
2287	1	0
2288	1	0
2289	0	1
2290	0	1
2291	0	1
2292	0	1
2293	0	1
2294	0	1
2295	0	1
2296	0	1
2297	0	1
2298	0	1
2299	0	1
2300	1	0
2301	0	1
2302	1	0
2303	0	1
2304	0	1
2305	1	0
2306	0	1
2307	0	1
2308	0	1
2309	1	0
2310	0	1
2311	1	0
2312	0	1
2313	0	1
2314	0	1
2315	0	1
2316	0	1
2317	1	0
2318	0	1
2319	0	1
2320	0	1
2321	0	1
2322	1	0
2323	1	0
2324	0	1
2325	0	1
2326	0	1
2327	0	1
2328	1	0
2329	1	0
2330	1	0
2331	0	1
2332	0	1
2333	1	0
2334	1	0
2335	1	0
2336	1	0
2337	1	0
2338	0	1
2339	0	1
2340	0	1
2341	1	0
2342	0	1
2343	0	1
2344	0	1
2345	0	1
2346	1	0
2347	0	1
2348	0	1
2349	0	1
2350	0	1
2351	0	1
2352	0	1
2353	0	1
2354	0	1
2355	1	0
2356	0	1
2357	1	0
2358	0	1
2359	0	1
2360	0	1
2361	0	1
2362	0	1
2363	0	1
2364	0	1
2365	0	1
2366	0	1
2367	0	1
2368	1	0
2369	0	1
2370	1	0
2371	0	1
2372	1	0
2373	1	0
2374	0	1
2375	1	0
2376	0	1
2377	1	0
2378	0	1
2379	0	1
2380	1	0
2381	0	1
2382	1	0
2383	0	1
2384	1	0
2385	0	1
2386	0	1
2387	0	1
2388	0	1
2389	1	0
2390	0	1
2391	0	1
2392	0	1
2393	0	1
2394	1	0
2395	0	1
2396	0	1
2397	0	1
2398	1	0
2399	0	1
2400	0	1
2401	0	1
2402	1	0
2403	0	1
2404	0	1
2405	0	1
2406	0	1
2407	0	1
2408	0	1
2409	0	1
2410	0	1
2411	1	0
2412	0	1
2413	1	0
2414	0	1
2415	0	1
2416	1	0
2417	1	0
2418	1	0
2419	1	0
2420	0	1
2421	0	1
2422	0	1
2423	0	1
2424	1	0
2425	1	0
2426	0	1
2427	0	1
2428	0	1
2429	0	1
2430	0	1
2431	0	1
2432	0	1
2433	0	1
2434	1	0
2435	1	0
2436	0	1
2437	0	1
2438	1	0
2439	1	0
2440	0	1
2441	1	0
2442	0	1
2443	0	1
2444	0	1
2445	1	0
2446	1	0
2447	0	1
2448	0	1
2449	0	1
2450	0	1
2451	0	1
2452	1	0
2453	1	0
2454	0	1
2455	1	0
2456	1	0
2457	0	1
2458	1	0
2459	0	1
2460	0	1
2461	0	1
2462	0	1
2463	1	0
2464	0	1
2465	0	1
2466	0	1
2467	0	1
2468	0	1
2469	0	1
2470	0	1
2471	0	1
2472	0	1
2473	0	1
2474	0	1
2475	0	1
2476	0	1
2477	1	0
2478	1	0
2479	0	1
2480	0	1
2481	0	1
2482	0	1
2483	0	1
2484	1	0
2485	0	1
2486	1	0
2487	1	0
2488	0	1
2489	0	1
2490	1	0
2491	0	1
2492	1	0
2493	0	1
2494	0	1
2495	0	1
2496	0	1
2497	0	1
2498	1	0
2499	0	1
2500	0	1
2501	0	1
2502	0	1
2503	0	1
2504	1	0
2505	1	0
2506	0	1
2507	1	0
2508	0	1
2509	0	1
2510	0	1
2511	1	0
2512	0	1
2513	1	0
2514	1	0
2515	1	0
2516	0	1
2517	0	1
2518	1	0
2519	1	0
2520	0	1
2521	0	1
2522	1	0
2523	0	1
2524	1	0
2525	1	0
2526	0	1
2527	0	1
2528	0	1
2529	0	1
2530	0	1
2531	0	1
2532	0	1
2533	1	0
2534	0	1
2535	1	0
2536	0	1
2537	0	1
2538	0	1
2539	0	1
2540	1	0
2541	0	1
2542	1	0
2543	0	1
2544	0	1
2545	0	1
2546	0	1
2547	0	1
2548	0	1
2549	0	1
2550	0	1
2551	0	1
2552	1	0
2553	0	1
2554	0	1
2555	1	0
2556	0	1
2557	0	1
2558	1	0
2559	0	1
2560	1	0
2561	0	1
2562	0	1
2563	0	1
2564	0	1
2565	0	1
2566	0	1
2567	1	0
2568	0	1
2569	0	1
2570	0	1
2571	0	1
2572	0	1
2573	0	1
2574	0	1
2575	0	1
2576	0	1
2577	1	0
2578	0	1
2579	0	1
2580	0	1
2581	1	0
2582	0	1
2583	0	1
2584	0	1
2585	1	0
2586	1	0
2587	1	0
2588	0	1
2589	1	0
2590	1	0
2591	1	0
2592	1	0
2593	0	1
2594	1	0
2595	0	1
2596	1	0
2597	0	1
2598	0	1
2599	1	0
2600	0	1
2601	0	1
2602	0	1
2603	0	1
2604	0	1
2605	0	1
2606	1	0
2607	0	1
2608	0	1
2609	0	1
2610	0	1
2611	1	0
2612	0	1
2613	0	1
2614	0	1
2615	0	1
2616	1	0
2617	1	0
2618	0	1
2619	0	1
2620	1	0
2621	1	0
2622	0	1
2623	1	0
2624	1	0
2625	1	0
2626	0	1
2627	1	0
2628	0	1
2629	1	0
2630	1	0
2631	1	0
2632	0	1
2633	0	1
2634	0	1
2635	0	1
2636	1	0
2637	0	1
2638	0	1
2639	1	0
2640	0	1
2641	1	0
2642	1	0
2643	1	0
2644	0	1
2645	1	0
2646	0	1
2647	0	1
2648	1	0
2649	0	1
2650	0	1
2651	0	1
2652	1	0
2653	0	1
2654	0	1
2655	1	0
2656	0	1
2657	1	0
2658	1	0
2659	1	0
2660	0	1
2661	0	1
2662	1	0
2663	0	1
2664	0	1
2665	0	1
2666	0	1
2667	0	1
2668	1	0
2669	0	1
2670	0	1
2671	0	1
2672	0	1
2673	0	1
2674	0	1
2675	0	1
2676	0	1
2677	0	1
2678	0	1
2679	0	1
2680	1	0
2681	1	0
2682	1	0
2683	0	1
2684	0	1
2685	1	0
2686	0	1
2687	1	0
2688	0	1
2689	1	0
2690	0	1
2691	1	0
2692	0	1
2693	1	0
2694	1	0
2695	0	1
2696	1	0
2697	0	1
2698	1	0
2699	1	0
2700	0	1
2701	0	1
2702	1	0
2703	0	1
2704	0	1
2705	0	1
2706	0	1
2707	0	1
2708	0	1
2709	1	0
2710	0	1
2711	0	1
2712	0	1
2713	0	1
2714	0	1
2715	1	0
2716	1	0
2717	1	0
2718	0	1
2719	0	1
2720	0	1
2721	0	1
2722	1	0
2723	0	1
2724	0	1
2725	0	1
2726	1	0
2727	0	1
2728	1	0
2729	0	1
2730	0	1
2731	1	0
2732	0	1
2733	0	1
2734	0	1
2735	0	1
2736	0	1
2737	0	1
2738	1	0
2739	0	1
2740	0	1
2741	1	0
2742	0	1
2743	1	0
2744	0	1
2745	0	1
2746	0	1
2747	0	1
2748	0	1
2749	0	1
2750	0	1
2751	0	1
2752	0	1
2753	0	1
2754	0	1
2755	0	1
2756	0	1
2757	0	1
2758	0	1
2759	0	1
2760	0	1
2761	1	0
2762	0	1
2763	0	1
2764	1	0
2765	0	1
2766	0	1
2767	0	1
2768	0	1
2769	0	1
2770	0	1
2771	1	0
2772	1	0
2773	1	0
2774	0	1
2775	1	0
2776	1	0
2777	0	1
2778	1	0
2779	1	0
2780	0	1
2781	1	0
2782	0	1
2783	0	1
2784	0	1
2785	0	1
2786	1	0
2787	0	1
2788	0	1
2789	1	0
2790	1	0
2791	1	0
2792	1	0
2793	0	1
2794	0	1
2795	0	1
2796	0	1
2797	0	1
2798	0	1
2799	1	0
2800	0	1
2801	1	0
2802	1	0
2803	1	0
2804	1	0
2805	1	0
2806	0	1
2807	0	1
2808	0	1
2809	0	1
2810	0	1
2811	0	1
2812	0	1
2813	1	0
2814	0	1
2815	1	0
2816	0	1
2817	1	0
2818	1	0
2819	0	1
2820	1	0
2821	0	1
2822	1	0
2823	0	1
2824	0	1
2825	0	1
2826	0	1
2827	0	1
2828	1	0
2829	0	1
2830	1	0
2831	1	0
2832	0	1
2833	0	1
2834	1	0
2835	1	0
2836	1	0
2837	0	1
2838	0	1
2839	0	1
2840	0	1
2841	0	1
2842	0	1
2843	0	1
2844	1	0
2845	0	1
2846	0	1
2847	0	1
2848	0	1
2849	0	1
2850	0	1
2851	0	1
2852	1	0
2853	1	0
2854	1	0
2855	0	1
2856	1	0
2857	0	1
2858	1	0
2859	1	0
2860	1	0
2861	0	1
2862	0	1
2863	1	0
2864	0	1
2865	0	1
2866	0	1
2867	0	1
2868	1	0
2869	0	1
2870	0	1
2871	0	1
2872	0	1
2873	1	0
2874	0	1
2875	0	1
2876	0	1
2877	1	0
2878	0	1
2879	1	0
2880	0	1
2881	0	1
2882	0	1
2883	0	1
2884	0	1
2885	0	1
2886	0	1
2887	0	1
2888	0	1
2889	0	1
2890	1	0
2891	0	1
2892	0	1
2893	0	1
2894	1	0
2895	0	1
2896	1	0
2897	1	0
2898	0	1
2899	0	1
2900	0	1
2901	0	1
2902	1	0
2903	0	1
2904	1	0
2905	0	1
2906	0	1
2907	0	1
2908	0	1
2909	0	1
2910	1	0
2911	1	0
2912	1	0
2913	0	1
2914	0	1
2915	0	1
2916	1	0
2917	1	0
2918	0	1
2919	0	1
2920	0	1
2921	0	1
2922	0	1
2923	1	0
2924	0	1
2925	0	1
2926	1	0
2927	1	0
2928	0	1
2929	1	0
2930	0	1
2931	0	1
2932	0	1
2933	1	0
2934	0	1
2935	0	1
2936	0	1
2937	0	1
2938	0	1
2939	0	1
2940	0	1
2941	0	1
2942	0	1
2943	0	1
2944	0	1
2945	0	1
2946	0	1
2947	1	0
2948	0	1
2949	1	0
2950	0	1
2951	1	0
2952	0	1
2953	0	1
2954	0	1
2955	0	1
2956	0	1
2957	0	1
2958	0	1
2959	0	1
2960	1	0
2961	1	0
2962	1	0
2963	0	1
2964	0	1
2965	0	1
2966	0	1
2967	1	0
2968	1	0
2969	1	0
2970	0	1
2971	1	0
2972	0	1
2973	1	0
2974	0	1
2975	0	1
2976	0	1
2977	0	1
2978	0	1
2979	0	1
2980	0	1
2981	0	1
2982	0	1
2983	0	1
2984	0	1
2985	1	0
2986	0	1
2987	0	1
2988	0	1
2989	1	0
2990	1	0
2991	1	0
2992	0	1
2993	0	1
2994	0	1
2995	1	0
2996	0	1
2997	1	0
2998	1	0
2999	0	1
3000	0	1
3001	0	1
3002	0	1
3003	0	1
3004	0	1
3005	0	1
3006	0	1
3007	0	1
3008	0	1
3009	1	0
3010	0	1
3011	1	0
3012	1	0
3013	0	1
3014	0	1
3015	1	0
3016	0	1
3017	0	1
3018	1	0
3019	0	1
3020	0	1
3021	1	0
3022	1	0
3023	1	0
3024	1	0
3025	0	1
3026	0	1
3027	0	1
3028	0	1
3029	1	0
3030	1	0
3031	0	1
3032	0	1
3033	0	1
3034	0	1
3035	0	1
3036	0	1
3037	1	0
3038	1	0
3039	0	1
3040	0	1
3041	0	1
3042	0	1
3043	1	0
3044	1	0
3045	1	0
3046	0	1
3047	0	1
3048	0	1
3049	0	1
3050	1	0
3051	0	1
3052	0	1
3053	0	1
3054	0	1
3055	0	1
3056	1	0
3057	0	1
3058	0	1
3059	0	1
3060	0	1
3061	1	0
3062	0	1
3063	1	0
3064	1	0
3065	1	0
3066	0	1
3067	0	1
3068	0	1
3069	1	0
3070	0	1
3071	0	1
3072	0	1
3073	0	1
3074	0	1
3075	0	1
3076	1	0
3077	0	1
3078	0	1
3079	0	1
3080	0	1
3081	1	0
3082	0	1
3083	0	1
3084	0	1
3085	0	1
3086	0	1
3087	0	1
3088	0	1
3089	0	1
3090	0	1
3091	0	1
3092	1	0
3093	0	1
3094	0	1
3095	0	1
3096	1	0
3097	0	1
3098	0	1
3099	1	0
3100	0	1
3101	1	0
3102	1	0
3103	0	1
3104	0	1
3105	1	0
3106	0	1
3107	0	1
3108	0	1
3109	0	1
3110	0	1
3111	1	0
3112	0	1
3113	0	1
3114	0	1
3115	1	0
3116	0	1
3117	1	0
3118	1	0
3119	0	1
3120	0	1
3121	0	1
3122	0	1
3123	0	1
3124	0	1
3125	0	1
3126	1	0
3127	1	0
3128	0	1
3129	0	1
3130	1	0
3131	0	1
3132	0	1
3133	1	0
3134	1	0
3135	0	1
3136	0	1
3137	0	1
3138	0	1
3139	0	1
3140	1	0
3141	0	1
3142	0	1
3143	0	1
3144	1	0
3145	0	1
3146	1	0
3147	1	0
3148	0	1
3149	0	1
3150	0	1
3151	1	0
3152	0	1
3153	0	1
3154	1	0
3155	0	1
3156	0	1
3157	1	0
3158	1	0
3159	0	1
3160	0	1
3161	0	1
3162	0	1
3163	1	0
3164	1	0
3165	1	0
3166	1	0
3167	1	0
3168	0	1
3169	0	1
3170	1	0
3171	1	0
3172	0	1
3173	0	1
3174	0	1
3175	1	0
3176	0	1
3177	0	1
3178	0	1
3179	1	0
3180	1	0
3181	1	0
3182	0	1
3183	0	1
3184	1	0
3185	0	1
3186	1	0
3187	0	1
3188	0	1
3189	0	1
3190	0	1
3191	0	1
3192	1	0
3193	1	0
3194	0	1
3195	0	1
3196	0	1
3197	0	1
3198	0	1
3199	0	1
3200	0	1
3201	0	1
3202	1	0
3203	0	1
3204	1	0
3205	0	1
3206	1	0
3207	0	1
3208	0	1
3209	0	1
3210	0	1
3211	0	1
3212	1	0
3213	0	1
3214	1	0
3215	1	0
3216	0	1
3217	1	0
3218	1	0
3219	1	0
3220	0	1
3221	0	1
3222	0	1
3223	1	0
3224	0	1
3225	0	1
3226	0	1
3227	0	1
3228	0	1
3229	0	1
3230	0	1
3231	0	1
3232	1	0
3233	0	1
3234	0	1
3235	0	1
3236	1	0
3237	0	1
3238	0	1
3239	1	0
3240	0	1
3241	0	1
3242	1	0
3243	1	0
3244	0	1
3245	0	1
3246	1	0
3247	1	0
3248	0	1
3249	1	0
3250	1	0
3251	1	0
3252	0	1
3253	0	1
3254	1	0
3255	0	1
3256	1	0
3257	0	1
3258	0	1
3259	0	1
3260	0	1
3261	1	0
3262	0	1
3263	0	1
3264	0	1
3265	1	0
3266	0	1
3267	1	0
3268	1	0
3269	0	1
3270	0	1
3271	0	1
3272	1	0
3273	1	0
3274	0	1
3275	0	1
3276	1	0
3277	1	0
3278	0	1
3279	1	0
3280	0	1
3281	1	0
3282	0	1
3283	1	0
3284	0	1
3285	1	0
3286	1	0
3287	0	1
3288	0	1
3289	0	1
3290	1	0
3291	0	1
3292	0	1
3293	0	1
3294	1	0
3295	0	1
3296	0	1
3297	0	1
3298	0	1
3299	0	1
3300	1	0
3301	0	1
3302	1	0
3303	0	1
3304	1	0
3305	1	0
3306	1	0
3307	0	1
3308	0	1
3309	0	1
3310	0	1
3311	0	1
3312	0	1
3313	0	1
3314	1	0
3315	1	0
3316	0	1
3317	0	1
3318	1	0
3319	0	1
3320	1	0
3321	1	0
3322	0	1
3323	0	1
3324	0	1
3325	1	0
3326	1	0
3327	0	1
3328	0	1
3329	0	1
3330	1	0
3331	1	0
3332	1	0
3333	0	1
3334	0	1
3335	1	0
3336	0	1
3337	0	1
3338	1	0
3339	0	1
3340	0	1
3341	1	0
3342	1	0
3343	1	0
3344	0	1
3345	1	0
3346	0	1
3347	1	0
3348	1	0
3349	1	0
3350	0	1
3351	0	1
3352	1	0
3353	1	0
3354	0	1
3355	1	0
3356	1	0
3357	0	1
3358	1	0
3359	0	1
3360	0	1
3361	0	1
3362	1	0
3363	0	1
3364	1	0
3365	0	1
3366	1	0
3367	1	0
3368	0	1
3369	0	1
3370	0	1
3371	0	1
3372	1	0
3373	0	1
3374	0	1
3375	0	1
3376	0	1
3377	0	1
3378	0	1
3379	1	0
3380	1	0
3381	0	1
3382	0	1
3383	0	1
3384	1	0
3385	0	1
3386	1	0
3387	1	0
3388	0	1
3389	0	1
3390	1	0
3391	1	0
3392	0	1
3393	0	1
3394	0	1
3395	0	1
3396	1	0
3397	0	1
3398	0	1
3399	0	1
3400	1	0
3401	1	0
3402	0	1
3403	0	1
3404	0	1
3405	1	0
3406	0	1
3407	0	1
3408	1	0
3409	0	1
3410	1	0
3411	0	1
3412	0	1
3413	0	1
3414	0	1
3415	1	0
3416	1	0
3417	1	0
3418	1	0
3419	1	0
3420	0	1
3421	0	1
3422	0	1
3423	0	1
3424	0	1
3425	0	1
3426	0	1
3427	0	1
3428	0	1
3429	0	1
3430	1	0
3431	0	1
3432	0	1
3433	1	0
3434	0	1
3435	0	1
3436	0	1
3437	1	0
3438	1	0
3439	0	1
3440	0	1
3441	0	1
3442	0	1
3443	1	0
3444	1	0
3445	0	1
3446	1	0
3447	1	0
3448	0	1
3449	0	1
3450	1	0
3451	0	1
3452	1	0
3453	0	1
3454	0	1
3455	0	1
3456	1	0
3457	1	0
3458	0	1
3459	0	1
3460	0	1
3461	0	1
3462	1	0
3463	0	1
3464	0	1
3465	1	0
3466	1	0
3467	1	0
3468	1	0
3469	0	1
3470	0	1
3471	0	1
3472	1	0
3473	1	0
3474	1	0
3475	0	1
3476	0	1
3477	0	1
3478	1	0
3479	0	1
3480	1	0
3481	0	1
3482	1	0
3483	1	0
3484	0	1
3485	0	1
3486	0	1
3487	1	0
3488	0	1
3489	0	1
3490	0	1
3491	0	1
3492	0	1
3493	1	0
3494	0	1
3495	1	0
3496	0	1
3497	1	0
3498	0	1
3499	0	1
3500	0	1
3501	1	0
3502	0	1
3503	1	0
3504	1	0
3505	0	1
3506	0	1
3507	1	0
3508	0	1
3509	1	0
3510	0	1
3511	1	0
3512	1	0
3513	1	0
3514	1	0
3515	1	0
3516	1	0
3517	1	0
3518	1	0
3519	0	1
3520	0	1
3521	0	1
3522	0	1
3523	1	0
3524	1	0
3525	0	1
3526	0	1
3527	0	1
3528	0	1
3529	1	0
3530	0	1
3531	0	1
3532	1	0
3533	0	1
3534	0	1
3535	0	1
3536	0	1
3537	1	0
3538	0	1
3539	0	1
3540	1	0
3541	0	1
3542	0	1
3543	1	0
3544	1	0
3545	0	1
3546	1	0
3547	0	1
3548	0	1
3549	0	1
3550	0	1
3551	0	1
3552	0	1
3553	0	1
3554	0	1
3555	0	1
3556	1	0
3557	1	0
3558	0	1
3559	1	0
3560	1	0
3561	1	0
3562	1	0
3563	1	0
3564	1	0
3565	0	1
3566	1	0
3567	0	1
3568	0	1
3569	1	0
3570	1	0
3571	1	0
3572	0	1
3573	0	1
3574	1	0
3575	0	1
3576	0	1
3577	0	1
3578	0	1
3579	0	1
3580	0	1
3581	0	1
3582	0	1
3583	1	0
3584	0	1
3585	0	1
3586	1	0
3587	0	1
3588	1	0
