0	1	0
1	1	0
2	0	1
3	0	1
4	1	0
5	1	0
6	0	1
7	0	1
8	1	0
9	0	1
10	0	1
11	0	1
12	1	0
13	1	0
14	1	0
15	1	0
16	1	0
17	1	0
18	0	1
19	1	0
20	1	0
21	0	1
22	1	0
23	0	1
24	0	1
25	1	0
26	0	1
27	1	0
28	1	0
29	1	0
30	0	1
31	0	1
32	0	1
33	0	1
34	1	0
35	1	0
36	1	0
37	1	0
38	0	1
39	1	0
40	1	0
41	0	1
42	0	1
43	0	1
44	1	0
45	1	0
46	0	1
47	0	1
48	0	1
49	1	0
50	1	0
51	0	1
52	0	1
53	0	1
54	1	0
55	0	1
56	0	1
57	1	0
58	0	1
59	1	0
60	1	0
61	1	0
62	1	0
63	0	1
64	0	1
65	0	1
66	1	0
67	1	0
68	0	1
69	0	1
70	1	0
71	0	1
72	0	1
73	0	1
74	1	0
75	1	0
76	1	0
77	0	1
78	1	0
79	1	0
80	1	0
81	1	0
82	1	0
83	1	0
84	0	1
85	1	0
86	0	1
87	1	0
88	0	1
89	1	0
90	0	1
91	1	0
92	0	1
93	1	0
94	1	0
95	0	1
96	1	0
97	0	1
98	1	0
99	1	0
100	0	1
101	1	0
102	1	0
103	1	0
104	1	0
105	1	0
106	1	0
107	0	1
108	0	1
109	0	1
110	1	0
111	1	0
112	0	1
113	1	0
114	0	1
115	0	1
116	0	1
117	1	0
118	0	1
119	1	0
120	0	1
121	1	0
122	0	1
123	1	0
124	1	0
125	0	1
126	0	1
127	1	0
128	0	1
129	0	1
130	0	1
131	1	0
132	1	0
133	1	0
134	0	1
135	1	0
136	1	0
137	1	0
138	1	0
139	1	0
140	1	0
141	1	0
142	0	1
143	1	0
144	0	1
145	1	0
146	1	0
147	0	1
148	1	0
149	1	0
150	1	0
151	1	0
152	1	0
153	1	0
154	1	0
155	0	1
156	0	1
157	0	1
158	0	1
159	1	0
160	0	1
161	1	0
162	1	0
163	0	1
164	0	1
165	1	0
166	0	1
167	0	1
168	1	0
169	1	0
170	0	1
171	1	0
172	1	0
173	1	0
174	1	0
175	1	0
176	1	0
177	1	0
178	1	0
179	1	0
180	0	1
181	1	0
182	0	1
183	0	1
184	0	1
185	0	1
186	1	0
187	1	0
188	1	0
189	1	0
190	1	0
191	1	0
192	1	0
193	0	1
194	0	1
195	1	0
196	1	0
197	0	1
198	0	1
199	0	1
200	1	0
201	1	0
202	1	0
203	0	1
204	0	1
205	0	1
206	1	0
207	0	1
208	0	1
209	0	1
210	0	1
211	0	1
212	1	0
213	0	1
214	0	1
215	1	0
216	1	0
217	1	0
218	1	0
219	1	0
220	1	0
221	0	1
222	1	0
223	0	1
224	1	0
225	0	1
226	1	0
227	0	1
228	1	0
229	0	1
230	0	1
231	1	0
232	1	0
233	0	1
234	0	1
235	1	0
236	1	0
237	1	0
238	0	1
239	1	0
240	0	1
241	1	0
242	1	0
243	1	0
244	0	1
245	0	1
246	1	0
247	1	0
248	1	0
249	1	0
250	1	0
251	1	0
252	1	0
253	1	0
254	1	0
255	0	1
256	0	1
257	1	0
258	0	1
259	1	0
260	1	0
261	0	1
262	1	0
263	1	0
264	0	1
265	0	1
266	1	0
267	1	0
268	1	0
269	1	0
270	1	0
271	1	0
272	1	0
273	1	0
274	0	1
275	1	0
276	0	1
277	1	0
278	1	0
279	1	0
280	1	0
281	1	0
282	1	0
283	1	0
284	0	1
285	1	0
286	1	0
287	1	0
288	0	1
289	0	1
290	1	0
291	0	1
292	0	1
293	1	0
294	0	1
295	1	0
296	0	1
297	1	0
298	1	0
299	1	0
300	1	0
301	0	1
302	1	0
303	1	0
304	1	0
305	1	0
306	1	0
307	1	0
308	0	1
309	0	1
310	0	1
311	1	0
312	0	1
313	0	1
314	1	0
315	0	1
316	1	0
317	1	0
318	1	0
319	1	0
320	0	1
321	1	0
322	0	1
323	0	1
324	0	1
325	1	0
326	1	0
327	1	0
328	0	1
329	1	0
330	1	0
331	0	1
332	1	0
333	1	0
334	1	0
335	1	0
336	1	0
337	1	0
338	0	1
339	1	0
340	1	0
341	1	0
342	1	0
343	1	0
344	0	1
345	0	1
346	0	1
347	1	0
348	0	1
349	1	0
350	1	0
351	0	1
352	1	0
353	1	0
354	0	1
355	1	0
356	1	0
357	1	0
358	0	1
359	0	1
360	0	1
361	0	1
362	0	1
363	1	0
364	1	0
365	1	0
366	1	0
367	0	1
368	0	1
369	1	0
370	0	1
371	0	1
372	1	0
373	0	1
374	0	1
375	1	0
376	0	1
377	0	1
378	1	0
379	1	0
380	1	0
381	1	0
382	0	1
383	1	0
384	1	0
385	1	0
386	1	0
387	1	0
388	1	0
389	0	1
390	1	0
391	0	1
392	1	0
393	1	0
394	1	0
395	1	0
396	1	0
397	1	0
398	1	0
399	1	0
400	1	0
401	1	0
402	1	0
403	1	0
404	1	0
405	0	1
406	1	0
407	0	1
408	1	0
409	0	1
410	1	0
411	1	0
412	1	0
413	1	0
414	0	1
415	1	0
416	1	0
417	1	0
418	0	1
419	1	0
420	0	1
421	0	1
422	1	0
423	0	1
424	1	0
425	0	1
426	0	1
427	0	1
428	1	0
429	0	1
430	1	0
431	0	1
432	1	0
433	1	0
434	0	1
435	1	0
436	0	1
437	1	0
438	0	1
439	1	0
440	1	0
441	0	1
442	1	0
443	1	0
444	1	0
445	1	0
446	1	0
447	1	0
448	1	0
449	1	0
450	1	0
451	0	1
452	1	0
453	0	1
454	1	0
455	0	1
456	1	0
457	1	0
458	0	1
459	1	0
460	1	0
461	0	1
462	1	0
463	0	1
464	0	1
465	0	1
466	0	1
467	0	1
468	0	1
469	1	0
470	1	0
471	0	1
472	0	1
473	1	0
474	1	0
475	1	0
476	1	0
477	1	0
478	0	1
479	1	0
480	1	0
481	1	0
482	0	1
483	1	0
484	0	1
485	1	0
486	1	0
487	1	0
488	1	0
489	1	0
490	1	0
491	1	0
492	1	0
493	1	0
494	1	0
495	0	1
496	1	0
497	1	0
498	0	1
499	1	0
500	0	1
501	0	1
502	1	0
503	0	1
504	0	1
505	1	0
506	1	0
507	0	1
508	1	0
509	0	1
510	0	1
511	1	0
512	1	0
513	1	0
514	0	1
515	1	0
516	0	1
517	1	0
518	0	1
519	1	0
520	1	0
521	0	1
522	1	0
523	1	0
524	0	1
525	0	1
526	1	0
527	0	1
528	1	0
529	0	1
530	0	1
531	1	0
532	1	0
533	1	0
534	0	1
535	1	0
536	1	0
537	1	0
538	0	1
539	1	0
540	1	0
541	1	0
542	0	1
543	1	0
544	1	0
545	1	0
546	0	1
547	1	0
548	1	0
549	1	0
550	0	1
551	0	1
552	1	0
553	1	0
554	1	0
555	1	0
556	1	0
557	1	0
558	1	0
559	0	1
560	1	0
561	1	0
562	1	0
563	0	1
564	1	0
565	1	0
566	0	1
567	1	0
568	1	0
569	1	0
570	0	1
571	1	0
572	1	0
573	1	0
574	1	0
575	1	0
576	1	0
577	0	1
578	0	1
579	1	0
580	1	0
581	1	0
582	0	1
583	1	0
584	1	0
585	0	1
586	1	0
587	0	1
588	0	1
589	1	0
590	0	1
591	1	0
592	1	0
593	1	0
594	0	1
595	1	0
596	1	0
597	1	0
598	0	1
599	1	0
600	0	1
601	0	1
602	1	0
603	1	0
604	1	0
605	0	1
606	1	0
607	1	0
608	1	0
609	1	0
610	1	0
611	0	1
612	0	1
613	0	1
614	1	0
615	1	0
616	1	0
617	0	1
618	1	0
619	1	0
620	1	0
621	0	1
622	0	1
623	1	0
624	1	0
625	1	0
626	0	1
627	1	0
628	1	0
629	0	1
630	1	0
631	1	0
632	1	0
633	0	1
634	1	0
635	1	0
636	1	0
637	0	1
638	0	1
639	1	0
640	1	0
641	1	0
642	1	0
643	1	0
644	1	0
645	0	1
646	1	0
647	0	1
648	0	1
649	0	1
650	1	0
651	1	0
652	1	0
653	0	1
654	1	0
655	1	0
656	1	0
657	1	0
658	0	1
659	1	0
660	0	1
661	0	1
662	0	1
663	1	0
664	0	1
665	0	1
666	0	1
667	1	0
668	1	0
669	1	0
670	0	1
671	1	0
672	1	0
673	1	0
674	1	0
675	1	0
676	1	0
677	1	0
678	0	1
679	0	1
680	1	0
681	0	1
682	1	0
683	1	0
684	1	0
685	0	1
686	0	1
687	1	0
688	0	1
689	1	0
690	1	0
691	0	1
692	1	0
693	1	0
694	0	1
695	1	0
696	1	0
697	1	0
698	1	0
699	1	0
700	1	0
701	1	0
702	1	0
703	0	1
704	1	0
705	1	0
706	1	0
707	0	1
708	1	0
709	1	0
710	1	0
711	0	1
712	1	0
713	1	0
714	1	0
715	0	1
716	1	0
717	1	0
718	1	0
719	0	1
720	1	0
721	1	0
722	1	0
723	0	1
724	1	0
725	1	0
726	1	0
727	1	0
728	0	1
729	0	1
730	1	0
731	1	0
732	1	0
733	0	1
734	1	0
735	1	0
736	1	0
737	1	0
738	0	1
739	1	0
740	1	0
741	1	0
742	1	0
743	1	0
744	1	0
745	1	0
746	0	1
747	0	1
748	1	0
749	0	1
750	1	0
751	1	0
752	0	1
753	1	0
754	1	0
755	1	0
756	1	0
757	0	1
758	1	0
759	1	0
760	0	1
761	1	0
762	1	0
763	0	1
764	0	1
765	0	1
766	1	0
767	1	0
768	1	0
769	1	0
770	0	1
771	0	1
772	0	1
773	1	0
774	1	0
775	1	0
776	1	0
777	1	0
778	0	1
779	1	0
780	1	0
781	1	0
782	0	1
783	1	0
784	1	0
785	1	0
786	1	0
787	1	0
788	1	0
789	0	1
790	1	0
791	1	0
792	1	0
793	1	0
794	1	0
795	1	0
796	1	0
797	0	1
798	1	0
799	0	1
800	1	0
801	0	1
802	0	1
803	0	1
804	1	0
805	1	0
806	1	0
807	0	1
808	0	1
809	1	0
810	0	1
811	1	0
812	0	1
813	1	0
814	0	1
815	1	0
816	0	1
817	1	0
818	0	1
819	1	0
820	0	1
821	1	0
822	0	1
823	0	1
824	1	0
825	1	0
826	1	0
827	1	0
828	1	0
829	1	0
830	1	0
831	1	0
832	1	0
833	1	0
834	0	1
835	1	0
836	1	0
837	1	0
838	1	0
839	0	1
840	1	0
841	1	0
842	1	0
843	1	0
844	0	1
845	1	0
846	0	1
847	1	0
848	1	0
849	1	0
850	0	1
851	1	0
852	0	1
853	1	0
854	1	0
855	0	1
856	0	1
857	1	0
858	1	0
859	1	0
860	1	0
861	1	0
862	1	0
863	1	0
864	0	1
865	0	1
866	0	1
867	1	0
868	1	0
869	1	0
870	1	0
871	1	0
872	1	0
873	0	1
874	1	0
875	1	0
876	1	0
877	0	1
878	1	0
879	1	0
880	0	1
881	1	0
882	1	0
883	1	0
884	0	1
885	1	0
886	1	0
887	1	0
888	0	1
889	0	1
890	1	0
891	1	0
892	1	0
893	0	1
894	1	0
895	0	1
896	0	1
897	0	1
898	0	1
899	0	1
900	1	0
901	1	0
902	1	0
903	1	0
904	1	0
905	1	0
906	1	0
907	0	1
908	1	0
909	1	0
910	1	0
911	0	1
912	0	1
913	1	0
914	0	1
915	1	0
916	1	0
917	1	0
918	1	0
919	1	0
920	1	0
921	0	1
922	0	1
923	1	0
924	1	0
925	0	1
926	0	1
927	0	1
928	0	1
929	0	1
930	0	1
931	1	0
932	0	1
933	0	1
934	1	0
935	1	0
936	1	0
937	1	0
938	1	0
939	1	0
940	1	0
941	0	1
942	0	1
943	1	0
944	1	0
945	0	1
946	1	0
947	0	1
948	0	1
949	0	1
950	1	0
951	1	0
952	1	0
953	1	0
954	0	1
955	1	0
956	1	0
957	0	1
958	1	0
959	1	0
960	1	0
961	1	0
962	1	0
963	1	0
964	0	1
965	1	0
966	0	1
967	1	0
968	1	0
969	1	0
970	0	1
971	0	1
972	1	0
973	1	0
974	0	1
975	1	0
976	1	0
977	0	1
978	1	0
979	0	1
980	0	1
981	0	1
982	0	1
983	1	0
984	0	1
985	1	0
986	0	1
987	1	0
988	1	0
989	0	1
990	0	1
991	1	0
992	1	0
993	1	0
994	1	0
995	1	0
996	1	0
997	1	0
998	1	0
999	1	0
1000	1	0
1001	1	0
1002	0	1
1003	1	0
1004	1	0
1005	0	1
1006	0	1
1007	1	0
1008	1	0
1009	0	1
1010	1	0
1011	1	0
1012	1	0
1013	0	1
1014	1	0
1015	1	0
1016	0	1
1017	1	0
1018	0	1
1019	0	1
1020	1	0
1021	0	1
1022	1	0
1023	0	1
1024	1	0
1025	1	0
1026	1	0
1027	1	0
1028	1	0
1029	1	0
1030	0	1
1031	1	0
1032	1	0
1033	0	1
1034	1	0
1035	0	1
1036	1	0
1037	1	0
1038	1	0
1039	0	1
1040	1	0
1041	1	0
1042	1	0
1043	0	1
1044	0	1
1045	1	0
1046	1	0
1047	0	1
1048	0	1
1049	1	0
1050	1	0
1051	1	0
1052	1	0
1053	0	1
1054	0	1
1055	1	0
1056	0	1
1057	0	1
1058	1	0
1059	0	1
1060	1	0
1061	1	0
1062	0	1
1063	1	0
1064	1	0
1065	1	0
1066	1	0
1067	0	1
1068	1	0
1069	0	1
1070	0	1
1071	1	0
1072	1	0
1073	1	0
1074	1	0
1075	1	0
1076	0	1
1077	1	0
1078	0	1
1079	1	0
1080	0	1
1081	1	0
1082	0	1
1083	1	0
1084	0	1
1085	1	0
1086	0	1
1087	0	1
1088	0	1
1089	0	1
1090	1	0
1091	0	1
1092	1	0
1093	1	0
1094	0	1
1095	1	0
1096	1	0
1097	1	0
1098	0	1
1099	1	0
1100	1	0
1101	1	0
1102	1	0
1103	1	0
1104	1	0
1105	1	0
1106	1	0
1107	1	0
1108	1	0
1109	0	1
1110	1	0
1111	1	0
1112	1	0
1113	1	0
1114	1	0
1115	1	0
1116	1	0
1117	1	0
1118	1	0
1119	1	0
1120	1	0
1121	1	0
1122	1	0
1123	1	0
1124	1	0
1125	0	1
1126	1	0
1127	1	0
1128	1	0
1129	1	0
1130	0	1
1131	1	0
1132	0	1
1133	1	0
1134	1	0
1135	1	0
1136	0	1
1137	1	0
1138	1	0
1139	1	0
1140	1	0
1141	1	0
1142	1	0
1143	1	0
1144	0	1
1145	1	0
1146	0	1
1147	1	0
1148	1	0
1149	1	0
1150	0	1
1151	1	0
1152	1	0
1153	1	0
1154	1	0
1155	0	1
1156	1	0
1157	0	1
1158	1	0
1159	0	1
1160	1	0
1161	1	0
1162	0	1
1163	1	0
1164	0	1
1165	1	0
1166	1	0
1167	1	0
1168	0	1
1169	1	0
1170	1	0
1171	0	1
1172	0	1
1173	1	0
1174	1	0
1175	1	0
1176	0	1
1177	1	0
1178	1	0
1179	1	0
1180	1	0
1181	0	1
1182	1	0
1183	1	0
1184	1	0
1185	1	0
1186	1	0
1187	1	0
1188	1	0
1189	0	1
1190	1	0
1191	1	0
1192	0	1
1193	0	1
1194	0	1
1195	0	1
1196	0	1
1197	0	1
1198	1	0
1199	1	0
1200	1	0
1201	0	1
1202	1	0
1203	1	0
1204	0	1
1205	1	0
1206	0	1
1207	1	0
1208	1	0
1209	1	0
1210	0	1
1211	1	0
1212	1	0
1213	1	0
1214	1	0
1215	1	0
1216	1	0
1217	0	1
1218	1	0
1219	1	0
1220	0	1
1221	1	0
1222	0	1
1223	1	0
1224	0	1
1225	1	0
1226	1	0
1227	1	0
1228	0	1
1229	1	0
1230	1	0
1231	1	0
1232	1	0
1233	0	1
1234	1	0
1235	1	0
1236	1	0
1237	1	0
1238	0	1
1239	1	0
1240	1	0
1241	1	0
1242	1	0
1243	0	1
1244	1	0
1245	0	1
1246	1	0
1247	0	1
1248	0	1
1249	1	0
1250	0	1
1251	0	1
1252	1	0
1253	0	1
1254	1	0
1255	1	0
1256	0	1
1257	0	1
1258	1	0
1259	1	0
1260	1	0
1261	1	0
1262	1	0
1263	1	0
1264	1	0
1265	0	1
1266	1	0
1267	0	1
1268	1	0
1269	1	0
1270	1	0
1271	0	1
1272	0	1
1273	0	1
1274	0	1
1275	1	0
1276	1	0
1277	1	0
1278	0	1
1279	0	1
1280	1	0
1281	1	0
1282	1	0
1283	0	1
1284	1	0
1285	1	0
1286	1	0
1287	1	0
1288	0	1
1289	0	1
1290	1	0
1291	1	0
1292	0	1
1293	1	0
1294	1	0
1295	1	0
1296	1	0
1297	1	0
1298	1	0
1299	1	0
1300	1	0
1301	1	0
1302	1	0
1303	1	0
1304	0	1
1305	0	1
1306	1	0
1307	1	0
1308	0	1
1309	0	1
1310	1	0
1311	1	0
1312	0	1
1313	1	0
1314	1	0
1315	0	1
1316	0	1
1317	1	0
1318	1	0
1319	1	0
1320	1	0
1321	1	0
1322	0	1
1323	1	0
1324	1	0
1325	1	0
1326	0	1
1327	1	0
1328	1	0
1329	1	0
1330	1	0
1331	0	1
1332	0	1
1333	1	0
1334	0	1
1335	0	1
1336	0	1
1337	0	1
1338	1	0
1339	1	0
1340	1	0
1341	1	0
1342	1	0
1343	1	0
1344	1	0
1345	1	0
1346	1	0
1347	0	1
1348	0	1
1349	0	1
1350	1	0
1351	1	0
1352	1	0
1353	0	1
1354	0	1
1355	1	0
1356	1	0
1357	1	0
1358	1	0
1359	1	0
1360	1	0
1361	0	1
1362	0	1
1363	1	0
1364	0	1
1365	1	0
1366	0	1
1367	0	1
1368	0	1
1369	0	1
1370	0	1
1371	0	1
1372	1	0
1373	1	0
1374	1	0
1375	1	0
1376	1	0
1377	1	0
1378	1	0
1379	1	0
1380	1	0
1381	0	1
1382	1	0
1383	0	1
1384	0	1
1385	0	1
1386	1	0
1387	1	0
1388	1	0
1389	1	0
1390	1	0
1391	1	0
1392	0	1
1393	1	0
1394	1	0
1395	1	0
1396	1	0
1397	0	1
1398	0	1
1399	1	0
1400	1	0
1401	0	1
1402	1	0
1403	1	0
1404	1	0
1405	0	1
1406	0	1
1407	1	0
1408	1	0
1409	0	1
1410	0	1
1411	1	0
1412	1	0
1413	1	0
1414	0	1
1415	0	1
1416	0	1
1417	1	0
1418	0	1
1419	1	0
1420	0	1
1421	1	0
1422	0	1
1423	0	1
1424	0	1
1425	1	0
1426	0	1
1427	1	0
1428	1	0
1429	1	0
1430	1	0
1431	1	0
1432	1	0
1433	1	0
1434	1	0
1435	0	1
1436	0	1
1437	0	1
1438	1	0
1439	1	0
1440	0	1
1441	0	1
1442	0	1
1443	1	0
1444	1	0
1445	1	0
1446	0	1
1447	1	0
1448	0	1
1449	0	1
1450	1	0
1451	1	0
1452	1	0
1453	1	0
1454	1	0
1455	1	0
1456	0	1
1457	1	0
1458	0	1
1459	0	1
1460	1	0
1461	1	0
1462	1	0
1463	1	0
1464	0	1
1465	1	0
1466	1	0
1467	1	0
1468	1	0
1469	1	0
1470	1	0
1471	1	0
1472	1	0
1473	1	0
1474	1	0
1475	0	1
1476	0	1
1477	1	0
1478	1	0
1479	1	0
1480	0	1
1481	1	0
1482	1	0
1483	0	1
1484	1	0
1485	1	0
1486	1	0
1487	1	0
1488	1	0
1489	0	1
1490	1	0
1491	1	0
1492	1	0
1493	1	0
1494	0	1
1495	1	0
1496	1	0
1497	0	1
1498	1	0
1499	1	0
1500	1	0
1501	1	0
1502	0	1
1503	1	0
1504	1	0
1505	1	0
1506	0	1
1507	1	0
1508	1	0
1509	1	0
1510	0	1
1511	1	0
1512	1	0
1513	1	0
1514	1	0
1515	1	0
1516	0	1
1517	0	1
1518	1	0
1519	0	1
1520	1	0
1521	0	1
1522	1	0
1523	1	0
1524	1	0
1525	1	0
1526	1	0
1527	1	0
1528	0	1
1529	1	0
1530	1	0
1531	1	0
1532	0	1
1533	1	0
1534	1	0
1535	1	0
1536	1	0
1537	0	1
1538	0	1
1539	0	1
1540	1	0
1541	1	0
1542	1	0
1543	1	0
1544	0	1
1545	1	0
1546	1	0
1547	1	0
1548	1	0
1549	0	1
1550	1	0
1551	1	0
1552	0	1
1553	0	1
1554	1	0
1555	1	0
1556	1	0
1557	1	0
1558	1	0
1559	0	1
1560	1	0
1561	0	1
1562	0	1
1563	1	0
1564	1	0
1565	1	0
1566	1	0
1567	1	0
1568	0	1
1569	1	0
1570	1	0
1571	1	0
1572	1	0
1573	0	1
1574	1	0
1575	1	0
1576	0	1
1577	1	0
1578	0	1
1579	1	0
1580	0	1
1581	0	1
1582	0	1
1583	1	0
1584	0	1
1585	0	1
1586	0	1
1587	0	1
1588	0	1
1589	1	0
1590	0	1
1591	1	0
1592	1	0
1593	0	1
1594	1	0
1595	1	0
1596	1	0
1597	1	0
1598	0	1
1599	1	0
1600	0	1
1601	0	1
1602	1	0
1603	1	0
1604	0	1
1605	1	0
1606	1	0
1607	1	0
1608	0	1
1609	1	0
1610	1	0
1611	1	0
1612	0	1
1613	0	1
1614	1	0
1615	0	1
1616	1	0
1617	1	0
1618	0	1
1619	0	1
1620	1	0
1621	1	0
1622	0	1
1623	1	0
1624	1	0
1625	0	1
1626	1	0
1627	1	0
1628	1	0
1629	1	0
1630	0	1
1631	1	0
1632	1	0
1633	0	1
1634	1	0
1635	1	0
1636	1	0
1637	1	0
1638	0	1
1639	1	0
1640	1	0
1641	1	0
1642	1	0
1643	0	1
1644	0	1
1645	1	0
1646	0	1
1647	0	1
1648	1	0
1649	0	1
1650	0	1
1651	1	0
1652	1	0
1653	1	0
1654	0	1
1655	0	1
1656	1	0
1657	1	0
1658	1	0
1659	1	0
1660	1	0
1661	0	1
1662	0	1
1663	1	0
1664	1	0
1665	1	0
1666	1	0
1667	0	1
1668	1	0
1669	0	1
1670	0	1
1671	0	1
1672	1	0
1673	1	0
1674	1	0
1675	1	0
1676	1	0
1677	1	0
1678	0	1
1679	1	0
1680	1	0
1681	0	1
1682	0	1
1683	1	0
1684	1	0
1685	1	0
1686	0	1
1687	1	0
1688	1	0
1689	1	0
1690	1	0
1691	0	1
1692	0	1
1693	1	0
1694	1	0
1695	1	0
1696	0	1
1697	0	1
1698	1	0
1699	1	0
1700	0	1
1701	0	1
1702	1	0
1703	0	1
1704	1	0
1705	0	1
1706	1	0
1707	1	0
1708	1	0
1709	1	0
1710	1	0
1711	0	1
1712	1	0
1713	1	0
1714	1	0
1715	1	0
1716	1	0
1717	1	0
1718	0	1
1719	0	1
1720	1	0
1721	1	0
1722	1	0
1723	1	0
1724	1	0
1725	1	0
1726	1	0
1727	1	0
1728	1	0
1729	1	0
1730	1	0
1731	1	0
1732	1	0
1733	1	0
1734	0	1
1735	1	0
1736	1	0
1737	0	1
1738	1	0
1739	1	0
1740	1	0
1741	0	1
1742	0	1
1743	0	1
1744	1	0
1745	1	0
1746	0	1
1747	0	1
1748	1	0
1749	1	0
1750	1	0
1751	1	0
1752	1	0
1753	0	1
1754	1	0
1755	1	0
1756	0	1
1757	0	1
1758	1	0
1759	0	1
1760	1	0
1761	0	1
1762	1	0
1763	1	0
1764	1	0
1765	1	0
1766	1	0
1767	0	1
1768	1	0
1769	0	1
1770	1	0
1771	1	0
1772	0	1
1773	1	0
1774	0	1
1775	0	1
1776	1	0
1777	1	0
1778	1	0
1779	0	1
1780	0	1
1781	1	0
1782	1	0
1783	1	0
1784	1	0
1785	1	0
1786	1	0
1787	1	0
1788	1	0
1789	1	0
1790	0	1
1791	1	0
1792	1	0
1793	1	0
1794	1	0
1795	1	0
1796	0	1
1797	1	0
1798	1	0
1799	0	1
1800	1	0
1801	1	0
1802	1	0
1803	1	0
1804	1	0
1805	1	0
1806	1	0
1807	1	0
1808	1	0
1809	1	0
1810	1	0
1811	1	0
1812	0	1
1813	1	0
1814	1	0
1815	0	1
1816	0	1
1817	0	1
1818	0	1
1819	1	0
1820	1	0
1821	1	0
1822	0	1
1823	1	0
1824	1	0
1825	0	1
1826	1	0
1827	1	0
1828	1	0
1829	1	0
1830	0	1
1831	1	0
1832	1	0
1833	1	0
1834	1	0
1835	0	1
1836	1	0
1837	1	0
1838	1	0
1839	1	0
1840	1	0
1841	1	0
1842	1	0
1843	0	1
1844	1	0
1845	1	0
1846	0	1
1847	0	1
1848	0	1
1849	1	0
1850	0	1
1851	1	0
1852	1	0
1853	1	0
1854	1	0
1855	0	1
1856	0	1
1857	1	0
1858	1	0
1859	1	0
1860	1	0
1861	1	0
1862	0	1
1863	0	1
1864	1	0
1865	1	0
1866	1	0
1867	1	0
1868	1	0
1869	1	0
1870	0	1
1871	0	1
1872	1	0
1873	0	1
1874	1	0
1875	0	1
1876	0	1
1877	0	1
1878	0	1
1879	0	1
1880	1	0
1881	0	1
1882	1	0
1883	1	0
1884	1	0
1885	0	1
1886	0	1
1887	0	1
1888	1	0
1889	0	1
1890	1	0
1891	0	1
1892	1	0
1893	0	1
1894	1	0
1895	1	0
1896	0	1
1897	1	0
1898	0	1
1899	0	1
1900	1	0
1901	0	1
1902	0	1
1903	1	0
1904	1	0
1905	0	1
1906	1	0
1907	0	1
1908	1	0
1909	1	0
1910	1	0
1911	0	1
1912	1	0
1913	1	0
1914	0	1
1915	1	0
1916	1	0
1917	0	1
1918	1	0
1919	1	0
1920	1	0
1921	0	1
1922	0	1
1923	1	0
1924	0	1
1925	0	1
1926	0	1
1927	0	1
1928	1	0
1929	1	0
1930	1	0
1931	1	0
1932	1	0
1933	1	0
1934	0	1
1935	0	1
1936	1	0
1937	1	0
1938	1	0
1939	1	0
1940	1	0
1941	1	0
1942	1	0
1943	0	1
1944	0	1
1945	1	0
1946	1	0
1947	0	1
1948	1	0
1949	1	0
1950	1	0
1951	1	0
1952	1	0
1953	1	0
1954	1	0
1955	1	0
1956	1	0
1957	1	0
1958	1	0
1959	1	0
1960	1	0
1961	0	1
1962	0	1
1963	1	0
1964	1	0
1965	1	0
1966	1	0
1967	1	0
1968	0	1
1969	1	0
1970	1	0
1971	1	0
1972	0	1
1973	1	0
1974	1	0
1975	0	1
1976	0	1
1977	1	0
1978	0	1
1979	1	0
1980	0	1
1981	0	1
1982	0	1
1983	0	1
1984	1	0
1985	1	0
1986	1	0
1987	1	0
1988	0	1
1989	0	1
1990	1	0
1991	0	1
1992	1	0
1993	1	0
1994	1	0
1995	1	0
1996	1	0
1997	0	1
1998	0	1
1999	1	0
2000	1	0
2001	1	0
2002	1	0
2003	1	0
2004	1	0
2005	0	1
2006	0	1
2007	1	0
2008	0	1
2009	1	0
2010	1	0
2011	1	0
2012	0	1
2013	1	0
2014	0	1
2015	1	0
2016	0	1
2017	1	0
2018	0	1
2019	1	0
2020	0	1
2021	0	1
2022	1	0
2023	1	0
2024	1	0
2025	1	0
2026	1	0
2027	0	1
2028	1	0
2029	0	1
2030	0	1
2031	1	0
2032	0	1
2033	1	0
2034	1	0
2035	1	0
2036	1	0
2037	0	1
2038	1	0
2039	1	0
2040	1	0
2041	1	0
2042	1	0
2043	0	1
2044	0	1
2045	1	0
2046	1	0
2047	1	0
2048	1	0
2049	0	1
2050	1	0
2051	0	1
2052	1	0
2053	0	1
2054	1	0
2055	1	0
2056	0	1
2057	0	1
2058	1	0
2059	1	0
2060	0	1
2061	1	0
2062	1	0
2063	1	0
2064	1	0
2065	1	0
2066	1	0
2067	1	0
2068	1	0
2069	1	0
2070	1	0
2071	1	0
2072	1	0
2073	1	0
2074	1	0
2075	1	0
2076	1	0
2077	0	1
2078	1	0
2079	1	0
2080	0	1
2081	1	0
2082	0	1
2083	0	1
2084	1	0
2085	1	0
2086	1	0
2087	0	1
2088	1	0
2089	1	0
2090	0	1
2091	1	0
2092	0	1
2093	0	1
2094	0	1
2095	0	1
2096	0	1
2097	1	0
2098	1	0
2099	1	0
2100	1	0
2101	0	1
2102	1	0
2103	1	0
2104	1	0
2105	0	1
2106	1	0
2107	0	1
2108	0	1
2109	1	0
2110	0	1
2111	1	0
2112	1	0
2113	0	1
2114	1	0
2115	1	0
2116	1	0
2117	0	1
2118	1	0
2119	0	1
2120	1	0
2121	1	0
2122	1	0
2123	1	0
2124	0	1
2125	1	0
2126	1	0
2127	0	1
2128	1	0
2129	1	0
2130	1	0
2131	1	0
2132	1	0
2133	1	0
2134	0	1
2135	1	0
2136	1	0
2137	0	1
2138	0	1
2139	1	0
2140	0	1
2141	1	0
2142	0	1
2143	0	1
2144	1	0
2145	0	1
2146	0	1
2147	0	1
2148	0	1
2149	1	0
2150	1	0
2151	1	0
2152	0	1
2153	1	0
2154	1	0
2155	1	0
2156	1	0
2157	0	1
2158	0	1
2159	1	0
2160	1	0
2161	0	1
2162	1	0
2163	1	0
2164	0	1
2165	0	1
2166	1	0
2167	0	1
2168	1	0
2169	1	0
2170	0	1
2171	1	0
2172	1	0
2173	1	0
2174	1	0
2175	0	1
2176	1	0
2177	1	0
2178	1	0
2179	1	0
2180	0	1
2181	0	1
2182	0	1
2183	0	1
2184	1	0
2185	0	1
2186	1	0
2187	0	1
2188	1	0
2189	1	0
2190	1	0
2191	1	0
2192	1	0
2193	0	1
2194	1	0
2195	1	0
2196	1	0
2197	0	1
2198	1	0
2199	1	0
2200	1	0
2201	1	0
2202	1	0
2203	0	1
2204	1	0
2205	1	0
2206	1	0
2207	1	0
2208	1	0
2209	1	0
2210	1	0
2211	1	0
2212	0	1
2213	0	1
2214	1	0
2215	0	1
2216	0	1
2217	1	0
2218	1	0
2219	1	0
2220	1	0
2221	1	0
2222	1	0
2223	1	0
2224	1	0
2225	1	0
2226	1	0
2227	0	1
2228	1	0
2229	1	0
2230	1	0
2231	1	0
2232	1	0
2233	1	0
2234	1	0
2235	1	0
2236	0	1
2237	1	0
2238	0	1
2239	0	1
2240	1	0
2241	1	0
2242	1	0
2243	1	0
2244	0	1
2245	0	1
2246	1	0
2247	1	0
2248	0	1
2249	1	0
2250	1	0
2251	1	0
2252	0	1
2253	1	0
2254	0	1
2255	0	1
2256	0	1
2257	1	0
2258	1	0
2259	0	1
2260	1	0
2261	0	1
2262	1	0
2263	1	0
2264	1	0
2265	1	0
2266	1	0
2267	0	1
2268	1	0
2269	0	1
2270	0	1
2271	0	1
2272	1	0
2273	0	1
2274	1	0
2275	1	0
2276	0	1
2277	1	0
2278	1	0
2279	1	0
2280	0	1
2281	1	0
2282	0	1
2283	1	0
2284	1	0
2285	1	0
2286	0	1
2287	0	1
2288	1	0
2289	1	0
2290	1	0
2291	1	0
2292	1	0
2293	0	1
2294	1	0
2295	1	0
2296	1	0
2297	1	0
2298	1	0
2299	1	0
2300	1	0
2301	1	0
2302	1	0
2303	1	0
2304	1	0
2305	0	1
2306	1	0
2307	1	0
2308	0	1
2309	1	0
2310	1	0
2311	1	0
2312	0	1
2313	1	0
2314	1	0
2315	1	0
2316	1	0
2317	1	0
2318	0	1
2319	0	1
2320	0	1
2321	1	0
2322	1	0
2323	1	0
2324	0	1
2325	1	0
2326	1	0
2327	0	1
2328	0	1
2329	0	1
2330	1	0
2331	0	1
2332	1	0
2333	0	1
2334	1	0
2335	1	0
2336	1	0
2337	1	0
2338	0	1
2339	0	1
2340	1	0
2341	1	0
2342	1	0
2343	0	1
2344	1	0
2345	1	0
2346	1	0
2347	0	1
2348	1	0
2349	0	1
2350	0	1
2351	1	0
2352	0	1
2353	1	0
2354	0	1
2355	0	1
2356	1	0
2357	1	0
2358	0	1
2359	0	1
2360	0	1
2361	1	0
2362	1	0
2363	1	0
2364	1	0
2365	1	0
2366	1	0
2367	1	0
2368	0	1
2369	1	0
2370	0	1
2371	0	1
2372	1	0
2373	1	0
2374	0	1
2375	1	0
2376	1	0
2377	1	0
2378	0	1
2379	0	1
2380	0	1
2381	1	0
2382	0	1
2383	1	0
2384	1	0
2385	0	1
2386	0	1
2387	0	1
2388	1	0
2389	1	0
2390	1	0
2391	1	0
2392	0	1
2393	1	0
2394	1	0
2395	1	0
2396	1	0
2397	1	0
2398	0	1
2399	0	1
2400	0	1
2401	0	1
2402	1	0
2403	0	1
2404	1	0
2405	0	1
2406	1	0
2407	1	0
2408	1	0
2409	0	1
2410	0	1
2411	1	0
2412	1	0
2413	1	0
2414	1	0
2415	0	1
2416	0	1
2417	0	1
2418	0	1
2419	1	0
2420	0	1
2421	1	0
2422	1	0
2423	0	1
2424	1	0
2425	1	0
2426	0	1
2427	1	0
2428	0	1
2429	1	0
2430	1	0
2431	1	0
2432	1	0
2433	1	0
2434	0	1
2435	1	0
2436	0	1
2437	0	1
2438	1	0
2439	1	0
2440	1	0
2441	1	0
2442	1	0
2443	1	0
2444	1	0
2445	1	0
2446	1	0
2447	0	1
2448	1	0
2449	1	0
2450	0	1
2451	0	1
2452	1	0
2453	1	0
2454	0	1
2455	1	0
2456	0	1
2457	1	0
2458	1	0
2459	0	1
2460	1	0
2461	1	0
2462	1	0
2463	0	1
2464	0	1
2465	1	0
2466	1	0
2467	1	0
2468	1	0
2469	1	0
2470	0	1
2471	1	0
2472	1	0
2473	1	0
2474	0	1
2475	1	0
2476	0	1
2477	1	0
2478	1	0
2479	0	1
2480	1	0
2481	1	0
2482	1	0
2483	1	0
2484	0	1
2485	1	0
2486	0	1
2487	1	0
2488	0	1
2489	1	0
2490	1	0
2491	0	1
2492	0	1
2493	0	1
2494	1	0
2495	1	0
2496	0	1
2497	0	1
2498	0	1
2499	1	0
2500	1	0
2501	1	0
2502	1	0
2503	1	0
2504	0	1
2505	0	1
2506	1	0
2507	1	0
2508	1	0
2509	0	1
2510	0	1
2511	0	1
2512	0	1
2513	1	0
2514	1	0
2515	0	1
2516	1	0
2517	0	1
2518	0	1
2519	0	1
2520	1	0
2521	1	0
2522	1	0
2523	0	1
2524	1	0
2525	1	0
2526	1	0
2527	1	0
2528	1	0
2529	1	0
2530	0	1
2531	1	0
2532	0	1
2533	1	0
2534	0	1
2535	1	0
2536	1	0
2537	0	1
2538	1	0
2539	0	1
2540	0	1
2541	1	0
2542	0	1
2543	1	0
2544	1	0
2545	1	0
2546	1	0
2547	0	1
2548	1	0
2549	0	1
2550	0	1
2551	1	0
2552	0	1
2553	1	0
2554	1	0
2555	1	0
2556	1	0
2557	0	1
2558	1	0
2559	1	0
2560	0	1
2561	0	1
2562	1	0
2563	1	0
2564	0	1
2565	1	0
2566	1	0
2567	0	1
2568	1	0
2569	1	0
2570	0	1
2571	1	0
2572	1	0
2573	0	1
2574	0	1
2575	0	1
2576	1	0
2577	1	0
2578	1	0
2579	0	1
2580	0	1
2581	0	1
2582	0	1
2583	1	0
2584	1	0
2585	0	1
2586	0	1
2587	0	1
2588	1	0
2589	1	0
2590	1	0
2591	1	0
2592	1	0
2593	0	1
2594	1	0
2595	0	1
2596	1	0
2597	1	0
2598	0	1
2599	1	0
2600	1	0
2601	0	1
2602	1	0
2603	1	0
2604	1	0
2605	1	0
2606	1	0
2607	1	0
2608	0	1
2609	1	0
2610	1	0
2611	0	1
2612	1	0
2613	1	0
2614	1	0
2615	1	0
2616	0	1
2617	0	1
2618	1	0
2619	0	1
2620	0	1
2621	1	0
2622	0	1
2623	1	0
2624	1	0
2625	1	0
2626	1	0
2627	0	1
2628	1	0
2629	1	0
2630	1	0
2631	1	0
2632	1	0
2633	0	1
2634	1	0
2635	1	0
2636	1	0
2637	0	1
2638	0	1
2639	1	0
2640	1	0
2641	1	0
2642	0	1
2643	1	0
2644	1	0
2645	0	1
2646	1	0
2647	1	0
2648	1	0
2649	0	1
2650	1	0
2651	0	1
2652	0	1
2653	1	0
2654	0	1
2655	0	1
2656	1	0
2657	0	1
2658	1	0
2659	1	0
2660	1	0
2661	1	0
2662	0	1
2663	0	1
2664	0	1
2665	1	0
2666	1	0
2667	0	1
2668	1	0
2669	1	0
2670	0	1
2671	1	0
2672	0	1
2673	1	0
2674	0	1
2675	1	0
2676	1	0
2677	1	0
2678	1	0
2679	1	0
2680	1	0
2681	0	1
2682	0	1
2683	1	0
2684	1	0
2685	0	1
2686	1	0
2687	0	1
2688	1	0
2689	0	1
2690	1	0
2691	0	1
2692	1	0
2693	0	1
2694	1	0
2695	1	0
2696	1	0
2697	0	1
2698	1	0
2699	0	1
2700	1	0
2701	1	0
2702	1	0
2703	1	0
2704	1	0
2705	1	0
2706	1	0
2707	1	0
2708	1	0
2709	1	0
2710	0	1
2711	0	1
2712	1	0
2713	0	1
2714	0	1
2715	1	0
2716	1	0
2717	1	0
2718	1	0
2719	1	0
2720	1	0
2721	1	0
2722	1	0
2723	1	0
2724	1	0
2725	1	0
2726	1	0
2727	1	0
2728	1	0
2729	1	0
2730	1	0
2731	0	1
2732	1	0
2733	0	1
2734	0	1
2735	0	1
2736	1	0
2737	1	0
2738	0	1
2739	1	0
2740	1	0
2741	1	0
2742	1	0
2743	0	1
2744	1	0
2745	0	1
2746	1	0
2747	0	1
2748	1	0
2749	1	0
2750	1	0
2751	1	0
2752	0	1
2753	0	1
2754	0	1
2755	1	0
2756	0	1
2757	1	0
2758	1	0
2759	1	0
2760	1	0
2761	1	0
2762	1	0
2763	0	1
2764	1	0
2765	1	0
2766	0	1
2767	0	1
2768	0	1
2769	1	0
2770	1	0
2771	0	1
2772	1	0
2773	0	1
2774	1	0
2775	1	0
2776	0	1
2777	1	0
2778	0	1
2779	0	1
2780	1	0
2781	1	0
2782	1	0
2783	1	0
2784	0	1
2785	1	0
2786	1	0
2787	1	0
2788	0	1
2789	1	0
2790	1	0
2791	0	1
2792	1	0
2793	1	0
2794	0	1
2795	1	0
2796	1	0
2797	1	0
2798	0	1
2799	1	0
2800	0	1
2801	1	0
2802	1	0
2803	1	0
2804	1	0
2805	1	0
2806	0	1
2807	1	0
2808	0	1
2809	0	1
2810	0	1
2811	1	0
2812	0	1
2813	0	1
2814	1	0
2815	0	1
2816	1	0
2817	0	1
2818	1	0
2819	1	0
2820	0	1
2821	0	1
2822	1	0
2823	1	0
2824	0	1
2825	1	0
2826	1	0
2827	0	1
2828	1	0
2829	0	1
2830	0	1
2831	1	0
2832	0	1
2833	0	1
2834	1	0
2835	1	0
2836	1	0
2837	0	1
2838	1	0
2839	0	1
2840	1	0
2841	1	0
2842	0	1
2843	1	0
2844	1	0
2845	1	0
2846	1	0
2847	1	0
2848	0	1
2849	1	0
2850	1	0
2851	0	1
2852	1	0
2853	1	0
2854	0	1
2855	0	1
2856	1	0
2857	0	1
2858	0	1
2859	0	1
2860	1	0
2861	0	1
2862	1	0
2863	1	0
2864	1	0
2865	1	0
2866	0	1
2867	1	0
2868	1	0
2869	0	1
2870	1	0
2871	1	0
2872	1	0
2873	0	1
2874	0	1
2875	1	0
2876	0	1
2877	0	1
2878	1	0
2879	0	1
2880	1	0
2881	1	0
2882	1	0
2883	0	1
2884	0	1
2885	0	1
2886	1	0
2887	1	0
2888	1	0
2889	0	1
2890	1	0
2891	1	0
2892	1	0
2893	1	0
2894	1	0
2895	1	0
2896	1	0
2897	1	0
2898	1	0
2899	1	0
2900	1	0
2901	1	0
2902	1	0
2903	1	0
2904	0	1
2905	0	1
2906	1	0
2907	0	1
2908	1	0
2909	0	1
2910	1	0
2911	1	0
2912	1	0
2913	0	1
2914	0	1
2915	0	1
2916	1	0
2917	1	0
2918	0	1
2919	1	0
2920	1	0
2921	1	0
2922	0	1
2923	1	0
2924	1	0
2925	1	0
2926	0	1
2927	1	0
2928	0	1
2929	0	1
2930	1	0
2931	1	0
2932	1	0
2933	1	0
2934	0	1
2935	1	0
2936	0	1
2937	1	0
2938	0	1
2939	0	1
2940	1	0
2941	0	1
2942	1	0
2943	0	1
2944	1	0
2945	0	1
2946	1	0
2947	1	0
2948	1	0
2949	1	0
2950	1	0
2951	1	0
2952	0	1
2953	1	0
2954	1	0
2955	1	0
2956	1	0
2957	0	1
2958	1	0
2959	0	1
2960	0	1
2961	0	1
2962	1	0
2963	1	0
2964	1	0
2965	0	1
2966	1	0
2967	1	0
2968	0	1
2969	0	1
2970	1	0
2971	1	0
2972	1	0
2973	0	1
2974	0	1
2975	1	0
2976	1	0
2977	1	0
2978	1	0
2979	1	0
2980	1	0
2981	0	1
2982	1	0
2983	1	0
2984	1	0
2985	0	1
2986	1	0
2987	1	0
2988	1	0
2989	0	1
2990	1	0
2991	1	0
2992	1	0
2993	0	1
2994	1	0
2995	1	0
2996	1	0
2997	0	1
2998	0	1
2999	1	0
3000	1	0
3001	0	1
3002	1	0
3003	1	0
3004	1	0
3005	1	0
3006	1	0
3007	1	0
3008	1	0
3009	1	0
3010	0	1
3011	0	1
3012	1	0
3013	0	1
3014	0	1
3015	0	1
3016	0	1
3017	1	0
3018	1	0
3019	1	0
3020	1	0
3021	1	0
3022	0	1
3023	1	0
3024	1	0
3025	1	0
3026	0	1
3027	0	1
3028	1	0
3029	0	1
3030	1	0
3031	1	0
3032	1	0
3033	0	1
3034	1	0
3035	1	0
3036	1	0
3037	1	0
3038	1	0
3039	1	0
3040	0	1
3041	0	1
3042	1	0
3043	1	0
3044	1	0
3045	0	1
3046	0	1
3047	1	0
3048	1	0
3049	1	0
3050	1	0
3051	1	0
3052	1	0
3053	0	1
3054	0	1
3055	1	0
3056	1	0
3057	1	0
3058	1	0
3059	1	0
3060	0	1
3061	1	0
3062	0	1
3063	1	0
3064	1	0
3065	1	0
3066	1	0
3067	0	1
3068	1	0
3069	1	0
3070	0	1
3071	0	1
3072	1	0
3073	0	1
3074	1	0
3075	1	0
3076	1	0
3077	0	1
3078	0	1
3079	1	0
3080	1	0
3081	1	0
3082	1	0
3083	1	0
3084	1	0
3085	1	0
3086	0	1
3087	0	1
3088	1	0
3089	0	1
3090	1	0
3091	1	0
3092	1	0
3093	1	0
3094	1	0
3095	1	0
3096	0	1
3097	1	0
3098	0	1
3099	0	1
3100	1	0
3101	1	0
3102	1	0
3103	1	0
3104	1	0
3105	1	0
3106	1	0
3107	1	0
3108	1	0
3109	1	0
3110	1	0
3111	0	1
3112	1	0
3113	0	1
3114	1	0
3115	0	1
3116	1	0
3117	1	0
3118	1	0
3119	0	1
3120	0	1
3121	0	1
3122	1	0
3123	1	0
3124	1	0
3125	1	0
3126	0	1
3127	1	0
3128	0	1
3129	1	0
3130	1	0
3131	0	1
3132	1	0
3133	1	0
3134	1	0
3135	1	0
3136	0	1
3137	1	0
3138	1	0
3139	1	0
3140	1	0
3141	1	0
3142	1	0
3143	0	1
3144	1	0
3145	0	1
3146	0	1
3147	1	0
3148	0	1
3149	0	1
3150	0	1
3151	1	0
3152	1	0
3153	1	0
3154	1	0
3155	1	0
3156	1	0
3157	1	0
3158	0	1
3159	0	1
3160	0	1
3161	1	0
3162	1	0
3163	1	0
3164	0	1
3165	1	0
3166	1	0
3167	1	0
3168	0	1
3169	1	0
3170	0	1
3171	0	1
3172	1	0
3173	1	0
3174	0	1
3175	1	0
3176	0	1
3177	1	0
3178	1	0
3179	1	0
3180	1	0
3181	1	0
3182	1	0
3183	1	0
3184	1	0
3185	0	1
3186	1	0
3187	0	1
3188	1	0
3189	0	1
3190	1	0
3191	1	0
3192	1	0
3193	1	0
3194	1	0
3195	1	0
3196	0	1
3197	0	1
3198	1	0
3199	1	0
3200	0	1
3201	0	1
3202	1	0
3203	0	1
3204	1	0
3205	1	0
3206	1	0
3207	0	1
3208	1	0
3209	1	0
3210	1	0
3211	0	1
3212	0	1
3213	1	0
3214	1	0
3215	1	0
3216	0	1
3217	1	0
3218	1	0
3219	1	0
3220	1	0
3221	1	0
3222	1	0
3223	1	0
3224	1	0
3225	1	0
3226	1	0
3227	1	0
3228	1	0
3229	0	1
3230	1	0
3231	0	1
3232	1	0
3233	0	1
3234	1	0
3235	0	1
3236	1	0
3237	0	1
3238	1	0
3239	1	0
3240	1	0
3241	1	0
3242	1	0
3243	0	1
3244	1	0
3245	0	1
3246	1	0
3247	1	0
3248	1	0
3249	1	0
3250	1	0
3251	1	0
3252	1	0
3253	0	1
3254	1	0
3255	1	0
3256	0	1
3257	1	0
3258	0	1
3259	1	0
3260	1	0
3261	1	0
3262	0	1
3263	1	0
3264	1	0
3265	1	0
3266	1	0
3267	1	0
3268	0	1
3269	0	1
3270	1	0
3271	0	1
3272	1	0
3273	0	1
3274	0	1
3275	1	0
3276	0	1
3277	1	0
3278	1	0
3279	1	0
3280	1	0
3281	1	0
3282	1	0
3283	1	0
3284	0	1
3285	1	0
3286	1	0
3287	0	1
3288	1	0
3289	1	0
3290	0	1
3291	1	0
3292	0	1
3293	0	1
3294	1	0
3295	0	1
3296	1	0
3297	0	1
3298	0	1
3299	1	0
3300	1	0
3301	0	1
3302	1	0
3303	0	1
3304	1	0
3305	0	1
3306	0	1
3307	1	0
3308	0	1
3309	0	1
3310	1	0
3311	0	1
3312	1	0
3313	0	1
3314	0	1
3315	1	0
3316	1	0
3317	0	1
3318	1	0
3319	0	1
3320	1	0
3321	0	1
3322	0	1
3323	1	0
3324	0	1
3325	1	0
3326	1	0
3327	0	1
3328	0	1
3329	1	0
3330	1	0
3331	0	1
3332	1	0
3333	1	0
3334	0	1
3335	0	1
3336	1	0
3337	1	0
3338	0	1
3339	0	1
3340	1	0
3341	1	0
3342	1	0
3343	1	0
3344	0	1
3345	0	1
3346	0	1
3347	0	1
3348	0	1
3349	1	0
3350	0	1
3351	0	1
3352	0	1
3353	1	0
3354	0	1
3355	0	1
3356	1	0
3357	1	0
3358	0	1
3359	1	0
3360	0	1
3361	1	0
3362	1	0
3363	1	0
3364	1	0
3365	0	1
3366	1	0
3367	1	0
3368	1	0
3369	1	0
3370	0	1
3371	1	0
3372	1	0
3373	1	0
3374	1	0
3375	0	1
3376	1	0
3377	0	1
3378	1	0
3379	1	0
3380	1	0
3381	1	0
3382	1	0
3383	1	0
3384	1	0
3385	1	0
3386	1	0
3387	1	0
3388	1	0
3389	0	1
3390	0	1
3391	1	0
3392	1	0
3393	1	0
3394	1	0
3395	1	0
3396	1	0
3397	1	0
3398	1	0
3399	1	0
3400	1	0
3401	1	0
3402	1	0
3403	1	0
3404	1	0
3405	0	1
3406	1	0
3407	1	0
3408	0	1
3409	0	1
3410	1	0
3411	1	0
3412	1	0
3413	1	0
3414	0	1
3415	0	1
3416	0	1
3417	1	0
3418	1	0
3419	0	1
3420	0	1
3421	1	0
3422	0	1
3423	1	0
3424	1	0
3425	1	0
3426	1	0
3427	0	1
3428	0	1
3429	1	0
3430	0	1
3431	1	0
3432	0	1
3433	1	0
3434	1	0
3435	1	0
3436	0	1
3437	0	1
3438	1	0
3439	1	0
3440	1	0
3441	1	0
3442	1	0
3443	1	0
3444	0	1
3445	1	0
3446	0	1
3447	0	1
3448	1	0
3449	1	0
3450	1	0
3451	0	1
3452	1	0
3453	1	0
3454	0	1
3455	1	0
3456	0	1
3457	1	0
3458	0	1
3459	0	1
3460	0	1
3461	1	0
3462	1	0
3463	1	0
3464	1	0
3465	0	1
3466	1	0
3467	1	0
3468	0	1
3469	1	0
3470	1	0
3471	1	0
3472	0	1
3473	1	0
3474	0	1
3475	1	0
3476	1	0
3477	0	1
3478	1	0
3479	0	1
3480	1	0
3481	0	1
3482	1	0
3483	1	0
3484	0	1
3485	0	1
3486	1	0
3487	0	1
3488	1	0
3489	1	0
3490	0	1
3491	1	0
3492	1	0
3493	0	1
3494	1	0
3495	0	1
3496	1	0
3497	1	0
3498	1	0
3499	1	0
3500	1	0
3501	1	0
3502	0	1
3503	0	1
3504	1	0
3505	0	1
3506	1	0
3507	1	0
3508	0	1
3509	1	0
3510	1	0
3511	1	0
3512	0	1
3513	1	0
3514	0	1
3515	0	1
3516	1	0
3517	0	1
3518	1	0
3519	1	0
3520	1	0
3521	1	0
3522	1	0
3523	0	1
3524	1	0
3525	1	0
3526	1	0
3527	1	0
3528	1	0
3529	1	0
3530	1	0
3531	0	1
3532	1	0
3533	0	1
3534	1	0
3535	1	0
3536	1	0
3537	0	1
3538	1	0
3539	0	1
3540	1	0
3541	1	0
3542	1	0
3543	1	0
3544	1	0
3545	1	0
3546	0	1
3547	0	1
3548	1	0
3549	0	1
3550	1	0
3551	1	0
3552	0	1
3553	1	0
3554	1	0
3555	1	0
3556	0	1
3557	1	0
3558	0	1
3559	1	0
3560	1	0
3561	1	0
3562	0	1
3563	0	1
3564	1	0
3565	1	0
3566	1	0
3567	1	0
3568	1	0
3569	1	0
3570	0	1
3571	1	0
3572	0	1
3573	0	1
3574	1	0
3575	1	0
3576	1	0
3577	1	0
3578	1	0
3579	1	0
3580	1	0
3581	1	0
3582	0	1
3583	1	0
3584	0	1
3585	1	0
3586	1	0
3587	1	0
3588	1	0
3589	1	0
3590	1	0
3591	1	0
3592	1	0
3593	0	1
3594	1	0
3595	1	0
3596	1	0
3597	1	0
3598	1	0
3599	0	1
3600	0	1
3601	0	1
3602	1	0
3603	1	0
3604	1	0
3605	0	1
3606	1	0
3607	1	0
3608	1	0
3609	1	0
3610	1	0
3611	0	1
3612	1	0
3613	0	1
3614	0	1
3615	1	0
3616	1	0
3617	1	0
3618	1	0
3619	1	0
3620	0	1
3621	1	0
3622	0	1
3623	1	0
3624	1	0
3625	1	0
3626	1	0
3627	0	1
3628	1	0
3629	0	1
3630	0	1
3631	1	0
3632	1	0
3633	1	0
3634	1	0
3635	1	0
3636	0	1
3637	1	0
3638	0	1
3639	1	0
3640	1	0
3641	0	1
3642	0	1
3643	0	1
3644	1	0
3645	1	0
3646	1	0
3647	1	0
3648	1	0
3649	1	0
3650	1	0
3651	1	0
3652	1	0
3653	1	0
3654	1	0
3655	1	0
3656	1	0
3657	1	0
3658	1	0
3659	0	1
3660	0	1
3661	0	1
3662	1	0
3663	0	1
3664	1	0
3665	1	0
3666	1	0
3667	1	0
3668	1	0
3669	0	1
3670	0	1
3671	1	0
3672	1	0
3673	1	0
3674	1	0
3675	1	0
3676	1	0
3677	0	1
3678	1	0
3679	1	0
3680	0	1
3681	1	0
3682	0	1
3683	1	0
3684	0	1
3685	1	0
3686	1	0
3687	1	0
3688	1	0
3689	1	0
3690	1	0
3691	0	1
3692	1	0
3693	1	0
3694	1	0
3695	1	0
3696	1	0
3697	1	0
3698	1	0
3699	0	1
3700	1	0
3701	1	0
3702	1	0
3703	1	0
3704	0	1
3705	1	0
3706	1	0
3707	1	0
3708	1	0
3709	1	0
3710	1	0
3711	1	0
3712	0	1
3713	1	0
3714	1	0
3715	1	0
3716	1	0
3717	1	0
3718	0	1
3719	0	1
3720	1	0
3721	0	1
3722	1	0
3723	0	1
3724	0	1
3725	0	1
3726	1	0
3727	0	1
3728	0	1
3729	0	1
3730	0	1
3731	0	1
3732	1	0
3733	0	1
3734	1	0
3735	0	1
3736	1	0
3737	1	0
3738	0	1
3739	1	0
3740	1	0
3741	1	0
3742	1	0
3743	0	1
3744	0	1
3745	1	0
3746	1	0
3747	1	0
3748	1	0
3749	0	1
3750	1	0
3751	1	0
3752	1	0
3753	0	1
3754	1	0
3755	1	0
3756	1	0
3757	0	1
3758	1	0
3759	0	1
3760	0	1
3761	1	0
3762	1	0
3763	0	1
3764	0	1
3765	0	1
3766	0	1
3767	1	0
3768	1	0
3769	1	0
3770	1	0
3771	1	0
3772	1	0
3773	0	1
3774	1	0
3775	1	0
3776	0	1
3777	1	0
3778	0	1
3779	0	1
3780	1	0
3781	1	0
3782	1	0
3783	1	0
3784	1	0
3785	1	0
3786	1	0
3787	1	0
3788	0	1
3789	1	0
3790	1	0
3791	1	0
3792	0	1
3793	0	1
3794	0	1
3795	1	0
3796	1	0
3797	0	1
3798	0	1
3799	1	0
3800	0	1
3801	1	0
3802	1	0
3803	1	0
3804	1	0
3805	1	0
3806	1	0
3807	0	1
3808	1	0
3809	0	1
3810	1	0
3811	0	1
3812	0	1
3813	1	0
3814	0	1
3815	1	0
3816	0	1
3817	1	0
3818	1	0
3819	0	1
3820	1	0
3821	1	0
3822	1	0
3823	0	1
3824	1	0
3825	1	0
3826	1	0
3827	1	0
3828	0	1
3829	1	0
3830	0	1
3831	1	0
3832	0	1
3833	0	1
3834	1	0
3835	0	1
3836	1	0
3837	0	1
3838	1	0
3839	0	1
3840	1	0
3841	0	1
3842	1	0
3843	1	0
3844	1	0
3845	1	0
3846	1	0
3847	0	1
3848	1	0
3849	1	0
3850	0	1
3851	0	1
3852	0	1
3853	1	0
3854	1	0
3855	1	0
3856	1	0
3857	0	1
3858	1	0
3859	1	0
3860	1	0
3861	0	1
3862	1	0
3863	1	0
3864	1	0
3865	1	0
3866	1	0
3867	1	0
3868	1	0
3869	0	1
3870	1	0
3871	1	0
3872	1	0
3873	0	1
3874	0	1
3875	1	0
3876	1	0
3877	0	1
3878	1	0
3879	1	0
3880	1	0
3881	1	0
3882	0	1
3883	1	0
3884	0	1
3885	1	0
3886	1	0
3887	1	0
3888	1	0
3889	1	0
3890	1	0
3891	1	0
3892	0	1
3893	1	0
3894	1	0
3895	1	0
3896	1	0
3897	1	0
3898	1	0
3899	1	0
3900	1	0
3901	1	0
3902	1	0
3903	1	0
3904	0	1
3905	0	1
3906	1	0
3907	1	0
3908	0	1
3909	0	1
3910	0	1
3911	0	1
3912	0	1
3913	1	0
3914	0	1
3915	1	0
3916	1	0
3917	1	0
3918	1	0
3919	0	1
3920	0	1
3921	1	0
3922	1	0
3923	1	0
3924	0	1
3925	0	1
3926	1	0
3927	1	0
3928	1	0
3929	1	0
3930	1	0
3931	0	1
3932	1	0
3933	1	0
3934	1	0
3935	1	0
3936	1	0
3937	1	0
3938	0	1
3939	1	0
3940	1	0
3941	1	0
3942	0	1
3943	0	1
3944	1	0
3945	1	0
3946	1	0
3947	0	1
3948	0	1
3949	0	1
3950	0	1
3951	0	1
3952	0	1
3953	1	0
3954	1	0
3955	0	1
3956	1	0
3957	1	0
3958	1	0
3959	0	1
3960	0	1
3961	1	0
3962	0	1
3963	0	1
3964	1	0
3965	0	1
3966	1	0
3967	0	1
3968	1	0
3969	1	0
3970	1	0
3971	1	0
3972	1	0
3973	1	0
3974	1	0
3975	1	0
3976	1	0
3977	1	0
3978	1	0
3979	1	0
3980	0	1
3981	1	0
3982	1	0
3983	1	0
3984	1	0
3985	0	1
3986	0	1
3987	1	0
3988	1	0
3989	0	1
3990	0	1
3991	1	0
3992	1	0
3993	1	0
3994	1	0
3995	0	1
3996	0	1
3997	1	0
3998	1	0
3999	0	1
4000	1	0
4001	0	1
4002	1	0
4003	0	1
4004	1	0
4005	0	1
4006	1	0
4007	1	0
4008	1	0
4009	1	0
4010	1	0
4011	1	0
4012	0	1
4013	0	1
4014	1	0
4015	1	0
4016	1	0
4017	0	1
4018	1	0
4019	1	0
4020	1	0
4021	1	0
4022	1	0
4023	0	1
4024	0	1
4025	1	0
4026	1	0
4027	1	0
4028	1	0
4029	1	0
4030	0	1
4031	1	0
4032	1	0
4033	0	1
4034	1	0
4035	1	0
4036	1	0
4037	0	1
4038	0	1
4039	0	1
4040	1	0
4041	1	0
4042	0	1
4043	1	0
4044	1	0
4045	1	0
4046	1	0
4047	1	0
4048	1	0
4049	1	0
4050	1	0
4051	0	1
4052	1	0
4053	0	1
4054	1	0
4055	0	1
4056	0	1
4057	0	1
4058	1	0
4059	0	1
4060	1	0
4061	0	1
4062	1	0
4063	1	0
4064	0	1
4065	1	0
4066	0	1
4067	0	1
4068	1	0
4069	1	0
4070	1	0
4071	1	0
4072	1	0
4073	0	1
4074	0	1
4075	0	1
4076	1	0
4077	0	1
4078	1	0
4079	0	1
4080	0	1
4081	1	0
4082	1	0
4083	1	0
4084	1	0
4085	0	1
4086	1	0
4087	1	0
4088	1	0
4089	1	0
4090	1	0
4091	0	1
4092	0	1
4093	0	1
4094	1	0
4095	1	0
4096	1	0
4097	1	0
4098	1	0
4099	1	0
4100	0	1
4101	0	1
4102	0	1
4103	1	0
4104	0	1
4105	0	1
4106	0	1
4107	1	0
4108	0	1
4109	0	1
4110	0	1
4111	0	1
4112	1	0
4113	0	1
4114	0	1
4115	1	0
4116	0	1
4117	1	0
4118	1	0
4119	1	0
4120	1	0
4121	1	0
4122	0	1
4123	0	1
4124	0	1
4125	0	1
4126	1	0
4127	1	0
4128	0	1
4129	1	0
4130	1	0
4131	0	1
4132	1	0
4133	0	1
4134	0	1
4135	0	1
4136	1	0
4137	0	1
4138	1	0
4139	0	1
4140	1	0
4141	1	0
4142	1	0
4143	1	0
4144	1	0
4145	1	0
4146	1	0
4147	1	0
4148	0	1
4149	1	0
4150	1	0
4151	0	1
4152	1	0
4153	0	1
4154	1	0
4155	1	0
4156	0	1
4157	1	0
4158	0	1
4159	1	0
4160	1	0
4161	1	0
4162	0	1
4163	1	0
4164	0	1
4165	1	0
4166	0	1
4167	1	0
4168	1	0
4169	0	1
4170	1	0
4171	1	0
4172	0	1
4173	1	0
4174	1	0
4175	1	0
4176	1	0
4177	0	1
4178	0	1
4179	0	1
4180	0	1
4181	1	0
4182	0	1
4183	0	1
4184	0	1
4185	0	1
4186	1	0
4187	1	0
4188	1	0
4189	0	1
4190	1	0
4191	1	0
4192	0	1
4193	1	0
4194	1	0
4195	1	0
4196	1	0
4197	0	1
4198	1	0
4199	1	0
4200	0	1
4201	1	0
4202	1	0
4203	1	0
4204	1	0
4205	1	0
4206	1	0
4207	1	0
4208	0	1
4209	1	0
4210	0	1
4211	0	1
4212	1	0
4213	1	0
4214	1	0
4215	1	0
4216	1	0
4217	1	0
4218	0	1
4219	1	0
4220	0	1
4221	0	1
4222	1	0
4223	1	0
4224	1	0
4225	1	0
4226	1	0
4227	1	0
4228	0	1
4229	1	0
4230	0	1
4231	0	1
4232	1	0
4233	0	1
4234	1	0
4235	1	0
4236	1	0
4237	1	0
4238	1	0
4239	1	0
4240	0	1
4241	1	0
4242	1	0
4243	1	0
4244	1	0
4245	1	0
4246	1	0
4247	1	0
4248	1	0
4249	1	0
4250	1	0
4251	0	1
4252	1	0
4253	0	1
4254	1	0
4255	1	0
4256	1	0
4257	1	0
4258	1	0
4259	1	0
4260	1	0
4261	1	0
4262	1	0
4263	1	0
4264	1	0
4265	0	1
4266	0	1
4267	0	1
4268	1	0
4269	0	1
4270	0	1
4271	1	0
4272	1	0
4273	1	0
4274	1	0
4275	1	0
4276	1	0
4277	1	0
4278	0	1
4279	1	0
4280	1	0
4281	1	0
4282	1	0
4283	0	1
4284	1	0
4285	1	0
4286	0	1
4287	0	1
4288	0	1
4289	1	0
4290	0	1
4291	1	0
4292	1	0
4293	0	1
4294	0	1
4295	1	0
4296	0	1
4297	1	0
4298	1	0
4299	1	0
4300	1	0
4301	1	0
4302	1	0
4303	1	0
4304	1	0
4305	1	0
4306	1	0
4307	1	0
4308	0	1
4309	1	0
4310	1	0
4311	1	0
4312	0	1
4313	1	0
4314	1	0
4315	0	1
4316	1	0
4317	0	1
4318	0	1
4319	0	1
4320	1	0
4321	1	0
4322	0	1
4323	1	0
4324	1	0
4325	1	0
4326	0	1
4327	1	0
4328	1	0
4329	1	0
4330	1	0
4331	1	0
4332	1	0
4333	1	0
4334	1	0
4335	1	0
4336	1	0
4337	1	0
4338	0	1
4339	1	0
4340	1	0
4341	1	0
4342	0	1
4343	1	0
4344	0	1
4345	1	0
4346	1	0
4347	1	0
4348	0	1
4349	1	0
4350	1	0
4351	1	0
4352	1	0
4353	1	0
4354	1	0
4355	1	0
4356	0	1
4357	1	0
4358	1	0
4359	1	0
4360	0	1
4361	1	0
4362	1	0
4363	0	1
4364	1	0
4365	1	0
4366	1	0
4367	1	0
4368	0	1
4369	0	1
4370	0	1
4371	1	0
4372	1	0
4373	0	1
4374	1	0
4375	1	0
4376	1	0
4377	0	1
4378	1	0
4379	1	0
4380	1	0
4381	1	0
4382	1	0
4383	1	0
4384	1	0
4385	1	0
4386	0	1
4387	1	0
4388	0	1
4389	1	0
4390	0	1
4391	1	0
4392	1	0
4393	1	0
4394	1	0
4395	0	1
4396	1	0
4397	1	0
4398	1	0
4399	1	0
4400	1	0
4401	1	0
4402	1	0
4403	1	0
4404	1	0
4405	0	1
4406	0	1
4407	1	0
4408	0	1
4409	0	1
4410	0	1
4411	1	0
4412	0	1
4413	1	0
4414	1	0
4415	0	1
4416	1	0
4417	1	0
4418	1	0
4419	0	1
4420	1	0
4421	1	0
4422	1	0
4423	1	0
4424	0	1
4425	1	0
4426	0	1
4427	1	0
4428	1	0
4429	1	0
4430	1	0
4431	1	0
4432	1	0
4433	1	0
4434	1	0
4435	0	1
4436	0	1
4437	0	1
4438	1	0
4439	1	0
4440	1	0
4441	1	0
4442	1	0
4443	1	0
4444	1	0
4445	1	0
4446	1	0
4447	1	0
4448	1	0
4449	1	0
4450	1	0
4451	1	0
4452	1	0
4453	1	0
4454	1	0
4455	1	0
4456	1	0
4457	1	0
4458	0	1
4459	0	1
4460	1	0
4461	0	1
4462	1	0
4463	1	0
4464	0	1
4465	1	0
4466	1	0
4467	0	1
4468	1	0
4469	0	1
4470	1	0
4471	1	0
4472	0	1
4473	1	0
4474	1	0
4475	1	0
4476	0	1
4477	1	0
4478	1	0
4479	0	1
4480	0	1
4481	1	0
4482	1	0
4483	0	1
4484	1	0
4485	1	0
4486	0	1
4487	1	0
4488	0	1
4489	0	1
4490	0	1
4491	0	1
4492	0	1
4493	0	1
4494	1	0
4495	1	0
4496	0	1
4497	1	0
4498	1	0
4499	0	1
4500	1	0
4501	1	0
4502	1	0
4503	0	1
4504	1	0
4505	1	0
4506	1	0
4507	1	0
4508	0	1
4509	0	1
4510	1	0
4511	1	0
4512	1	0
4513	1	0
4514	1	0
4515	0	1
4516	1	0
4517	0	1
4518	0	1
4519	0	1
4520	1	0
4521	0	1
4522	0	1
4523	1	0
4524	0	1
4525	1	0
4526	1	0
4527	1	0
4528	1	0
4529	1	0
4530	0	1
4531	0	1
4532	1	0
4533	1	0
4534	0	1
4535	1	0
4536	0	1
4537	1	0
4538	0	1
4539	1	0
4540	0	1
4541	1	0
4542	1	0
4543	1	0
4544	0	1
4545	0	1
4546	0	1
4547	0	1
4548	1	0
4549	0	1
4550	1	0
4551	1	0
4552	0	1
4553	1	0
4554	1	0
4555	1	0
4556	1	0
4557	1	0
4558	1	0
4559	1	0
4560	1	0
4561	1	0
4562	1	0
4563	0	1
4564	1	0
4565	1	0
4566	1	0
4567	0	1
4568	0	1
4569	0	1
4570	0	1
4571	1	0
4572	1	0
4573	0	1
4574	1	0
4575	1	0
4576	1	0
4577	0	1
4578	1	0
4579	1	0
4580	1	0
4581	1	0
4582	1	0
4583	0	1
4584	0	1
4585	1	0
4586	0	1
4587	1	0
4588	0	1
4589	1	0
4590	1	0
4591	1	0
4592	1	0
4593	1	0
4594	1	0
4595	1	0
4596	0	1
4597	0	1
4598	1	0
4599	0	1
4600	1	0
4601	1	0
4602	1	0
4603	0	1
4604	0	1
4605	0	1
4606	1	0
4607	1	0
4608	1	0
4609	0	1
4610	0	1
4611	1	0
4612	0	1
4613	1	0
4614	1	0
4615	1	0
4616	1	0
4617	1	0
4618	0	1
4619	1	0
4620	0	1
4621	1	0
4622	1	0
4623	1	0
4624	0	1
4625	0	1
4626	0	1
4627	1	0
4628	1	0
4629	1	0
4630	1	0
4631	1	0
4632	1	0
4633	0	1
4634	1	0
4635	0	1
4636	0	1
4637	0	1
4638	1	0
4639	0	1
4640	0	1
4641	0	1
4642	1	0
4643	0	1
4644	0	1
4645	1	0
4646	0	1
4647	0	1
4648	1	0
4649	1	0
4650	1	0
4651	1	0
4652	1	0
4653	0	1
4654	1	0
4655	1	0
4656	1	0
4657	1	0
4658	1	0
4659	1	0
4660	0	1
4661	1	0
4662	1	0
4663	1	0
4664	1	0
4665	0	1
4666	1	0
4667	1	0
4668	0	1
4669	1	0
4670	1	0
4671	0	1
4672	0	1
4673	0	1
4674	1	0
4675	1	0
4676	1	0
4677	1	0
4678	0	1
4679	1	0
4680	0	1
4681	1	0
4682	1	0
4683	1	0
4684	1	0
4685	1	0
4686	1	0
4687	0	1
4688	0	1
4689	1	0
4690	1	0
4691	0	1
4692	0	1
4693	1	0
4694	1	0
4695	1	0
4696	1	0
4697	0	1
4698	1	0
4699	1	0
4700	1	0
4701	1	0
4702	1	0
4703	1	0
4704	0	1
4705	0	1
4706	0	1
4707	1	0
4708	1	0
4709	1	0
4710	1	0
4711	0	1
4712	1	0
4713	0	1
4714	1	0
4715	0	1
4716	1	0
4717	1	0
4718	1	0
4719	0	1
4720	0	1
4721	1	0
4722	1	0
4723	0	1
4724	1	0
4725	0	1
4726	0	1
4727	1	0
4728	1	0
4729	1	0
4730	0	1
4731	1	0
4732	1	0
4733	0	1
4734	1	0
4735	0	1
4736	1	0
4737	1	0
4738	1	0
4739	1	0
4740	1	0
4741	1	0
4742	0	1
4743	1	0
4744	0	1
4745	1	0
4746	1	0
4747	1	0
4748	1	0
4749	1	0
4750	1	0
4751	0	1
4752	0	1
4753	0	1
4754	1	0
4755	1	0
4756	1	0
4757	1	0
4758	0	1
4759	0	1
4760	1	0
4761	1	0
4762	0	1
4763	1	0
4764	1	0
4765	1	0
4766	0	1
4767	1	0
4768	1	0
4769	1	0
4770	1	0
4771	1	0
4772	1	0
4773	0	1
4774	1	0
4775	0	1
4776	1	0
4777	0	1
4778	0	1
4779	1	0
4780	1	0
4781	1	0
4782	0	1
4783	1	0
4784	0	1
4785	0	1
4786	1	0
4787	1	0
4788	1	0
4789	1	0
4790	1	0
4791	1	0
4792	1	0
4793	1	0
4794	1	0
4795	1	0
4796	1	0
4797	0	1
4798	0	1
4799	1	0
4800	1	0
4801	1	0
4802	0	1
4803	1	0
4804	1	0
4805	0	1
4806	0	1
4807	1	0
4808	0	1
4809	1	0
4810	1	0
4811	0	1
4812	0	1
4813	1	0
4814	0	1
4815	1	0
4816	1	0
4817	1	0
4818	0	1
4819	1	0
4820	1	0
4821	0	1
4822	1	0
4823	0	1
4824	1	0
4825	0	1
4826	1	0
4827	1	0
4828	1	0
4829	1	0
4830	1	0
4831	1	0
4832	1	0
4833	0	1
4834	0	1
4835	0	1
4836	0	1
4837	1	0
4838	0	1
4839	0	1
4840	1	0
4841	1	0
4842	1	0
4843	0	1
4844	0	1
4845	1	0
4846	1	0
4847	1	0
4848	0	1
4849	1	0
4850	1	0
4851	0	1
4852	1	0
4853	1	0
4854	0	1
4855	1	0
4856	1	0
4857	1	0
4858	1	0
4859	1	0
4860	1	0
4861	1	0
4862	1	0
4863	1	0
4864	1	0
4865	1	0
4866	0	1
4867	1	0
4868	0	1
4869	1	0
4870	0	1
4871	0	1
4872	1	0
4873	1	0
4874	0	1
4875	1	0
4876	1	0
4877	1	0
4878	1	0
4879	1	0
4880	0	1
4881	1	0
4882	1	0
4883	1	0
4884	0	1
4885	1	0
4886	1	0
4887	1	0
4888	1	0
4889	0	1
4890	0	1
4891	0	1
4892	1	0
4893	0	1
4894	1	0
4895	1	0
4896	1	0
4897	0	1
4898	1	0
4899	1	0
4900	1	0
4901	1	0
4902	1	0
4903	1	0
4904	1	0
4905	1	0
4906	1	0
4907	0	1
4908	0	1
4909	1	0
4910	1	0
4911	1	0
4912	1	0
4913	0	1
4914	1	0
4915	1	0
4916	1	0
4917	0	1
4918	0	1
4919	1	0
4920	1	0
4921	1	0
4922	1	0
4923	1	0
4924	1	0
4925	1	0
4926	1	0
4927	0	1
4928	1	0
4929	0	1
4930	1	0
4931	0	1
4932	1	0
4933	1	0
4934	1	0
4935	0	1
4936	1	0
4937	0	1
4938	1	0
4939	0	1
4940	1	0
4941	1	0
4942	0	1
4943	0	1
4944	1	0
4945	0	1
4946	0	1
4947	0	1
4948	1	0
4949	0	1
4950	1	0
4951	0	1
4952	1	0
4953	1	0
4954	1	0
4955	1	0
4956	1	0
4957	1	0
4958	1	0
4959	1	0
4960	1	0
4961	0	1
4962	1	0
4963	1	0
4964	1	0
4965	1	0
4966	0	1
4967	0	1
4968	1	0
4969	0	1
4970	1	0
4971	1	0
4972	1	0
4973	1	0
4974	0	1
4975	0	1
4976	1	0
4977	1	0
4978	1	0
4979	0	1
4980	0	1
4981	1	0
4982	1	0
4983	1	0
4984	1	0
4985	0	1
4986	0	1
4987	1	0
4988	1	0
4989	0	1
4990	1	0
4991	1	0
4992	0	1
4993	1	0
4994	0	1
4995	1	0
4996	1	0
4997	1	0
4998	1	0
4999	0	1
5000	1	0
5001	1	0
5002	0	1
5003	1	0
5004	1	0
5005	1	0
5006	0	1
5007	1	0
5008	1	0
5009	1	0
5010	1	0
5011	1	0
5012	0	1
5013	1	0
5014	1	0
5015	0	1
5016	0	1
5017	0	1
5018	0	1
5019	0	1
5020	0	1
5021	1	0
5022	1	0
5023	1	0
5024	1	0
5025	1	0
5026	1	0
5027	1	0
5028	0	1
5029	1	0
5030	1	0
5031	0	1
5032	0	1
5033	1	0
5034	1	0
5035	1	0
5036	1	0
5037	1	0
5038	0	1
5039	1	0
5040	0	1
5041	1	0
5042	0	1
5043	1	0
5044	0	1
5045	0	1
5046	1	0
5047	0	1
5048	0	1
5049	0	1
5050	1	0
5051	0	1
5052	1	0
5053	1	0
5054	1	0
5055	1	0
5056	1	0
5057	0	1
5058	0	1
5059	0	1
5060	0	1
5061	1	0
5062	0	1
5063	1	0
5064	0	1
5065	1	0
5066	0	1
5067	1	0
5068	1	0
5069	0	1
5070	0	1
5071	1	0
5072	1	0
5073	1	0
5074	1	0
5075	0	1
5076	0	1
5077	1	0
5078	0	1
5079	1	0
5080	1	0
5081	1	0
5082	1	0
5083	1	0
5084	1	0
5085	1	0
5086	1	0
5087	1	0
5088	0	1
5089	1	0
5090	1	0
5091	0	1
5092	0	1
5093	1	0
5094	1	0
5095	1	0
5096	0	1
5097	1	0
5098	1	0
5099	1	0
5100	1	0
5101	1	0
5102	1	0
5103	1	0
5104	0	1
5105	0	1
5106	1	0
5107	1	0
5108	1	0
5109	1	0
5110	1	0
5111	0	1
5112	1	0
5113	0	1
5114	1	0
5115	1	0
5116	1	0
5117	0	1
5118	1	0
5119	1	0
5120	0	1
5121	1	0
5122	0	1
5123	1	0
5124	1	0
5125	0	1
5126	0	1
5127	0	1
5128	1	0
5129	0	1
5130	0	1
5131	1	0
5132	0	1
5133	1	0
5134	1	0
5135	0	1
5136	0	1
5137	0	1
5138	0	1
5139	0	1
5140	1	0
5141	1	0
5142	1	0
5143	1	0
5144	0	1
5145	1	0
5146	1	0
5147	1	0
5148	0	1
5149	0	1
5150	0	1
5151	1	0
5152	1	0
5153	1	0
5154	0	1
5155	1	0
5156	1	0
5157	0	1
5158	1	0
5159	0	1
5160	1	0
5161	0	1
5162	1	0
5163	1	0
5164	0	1
5165	1	0
5166	0	1
5167	1	0
5168	1	0
5169	0	1
5170	1	0
5171	1	0
5172	0	1
5173	0	1
5174	1	0
5175	0	1
5176	1	0
5177	1	0
5178	1	0
5179	0	1
5180	0	1
5181	0	1
5182	1	0
5183	1	0
5184	0	1
5185	1	0
5186	1	0
5187	1	0
5188	1	0
5189	1	0
5190	0	1
5191	0	1
5192	0	1
5193	1	0
5194	1	0
5195	1	0
5196	0	1
5197	0	1
5198	1	0
5199	1	0
5200	1	0
5201	0	1
5202	1	0
5203	1	0
5204	1	0
5205	1	0
5206	0	1
5207	0	1
5208	1	0
5209	1	0
5210	1	0
5211	1	0
5212	1	0
5213	0	1
5214	1	0
5215	0	1
5216	1	0
5217	0	1
5218	0	1
5219	1	0
5220	1	0
5221	0	1
5222	1	0
5223	0	1
5224	1	0
5225	1	0
5226	1	0
5227	1	0
5228	1	0
5229	1	0
5230	1	0
5231	1	0
5232	0	1
5233	1	0
5234	1	0
5235	1	0
5236	1	0
5237	0	1
5238	1	0
5239	1	0
5240	1	0
5241	0	1
5242	1	0
5243	0	1
5244	1	0
5245	0	1
5246	1	0
5247	1	0
5248	1	0
5249	0	1
5250	1	0
5251	1	0
5252	0	1
5253	1	0
5254	0	1
5255	0	1
5256	0	1
5257	1	0
5258	1	0
5259	1	0
5260	1	0
5261	0	1
5262	0	1
5263	1	0
5264	0	1
5265	0	1
5266	0	1
5267	1	0
5268	0	1
5269	0	1
5270	1	0
5271	1	0
5272	1	0
5273	1	0
5274	1	0
5275	1	0
5276	1	0
5277	0	1
5278	1	0
5279	1	0
5280	0	1
5281	0	1
5282	1	0
5283	1	0
5284	1	0
5285	1	0
5286	0	1
5287	1	0
5288	1	0
5289	1	0
5290	0	1
5291	1	0
5292	1	0
5293	1	0
5294	0	1
5295	0	1
5296	1	0
5297	1	0
5298	1	0
5299	1	0
5300	0	1
5301	1	0
5302	0	1
5303	0	1
5304	0	1
5305	0	1
5306	1	0
5307	1	0
5308	0	1
5309	1	0
5310	1	0
5311	1	0
5312	0	1
5313	0	1
5314	1	0
5315	1	0
5316	0	1
5317	0	1
5318	1	0
5319	1	0
5320	0	1
5321	1	0
5322	1	0
5323	1	0
5324	1	0
5325	1	0
5326	1	0
5327	1	0
5328	1	0
5329	1	0
5330	1	0
5331	1	0
5332	0	1
5333	0	1
5334	1	0
5335	1	0
5336	1	0
5337	1	0
5338	1	0
5339	1	0
5340	0	1
5341	1	0
5342	0	1
5343	1	0
5344	1	0
5345	1	0
5346	1	0
5347	0	1
5348	1	0
5349	0	1
5350	1	0
5351	1	0
5352	1	0
5353	1	0
5354	0	1
5355	0	1
5356	1	0
5357	1	0
5358	1	0
5359	1	0
5360	0	1
5361	1	0
5362	0	1
5363	0	1
5364	1	0
5365	0	1
5366	1	0
5367	0	1
5368	1	0
5369	0	1
5370	1	0
5371	1	0
5372	1	0
5373	1	0
5374	0	1
5375	1	0
5376	1	0
5377	1	0
5378	1	0
5379	1	0
5380	1	0
5381	1	0
