0	1	0
1	1	0
2	1	0
3	1	0
4	1	0
5	1	0
6	1	0
7	1	0
8	1	0
9	0	1
10	0	1
11	1	0
12	1	0
13	0	1
14	0	1
15	1	0
16	1	0
17	1	0
18	1	0
19	0	1
20	1	0
21	1	0
22	0	1
23	1	0
24	1	0
25	1	0
26	0	1
27	1	0
28	0	1
29	0	1
30	1	0
31	1	0
32	1	0
33	1	0
34	1	0
35	1	0
36	0	1
37	0	1
38	1	0
39	0	1
40	1	0
41	1	0
42	0	1
43	1	0
44	1	0
45	1	0
46	0	1
47	0	1
48	0	1
49	1	0
50	0	1
51	0	1
52	1	0
53	0	1
54	1	0
55	0	1
56	1	0
57	1	0
58	1	0
59	0	1
60	0	1
61	1	0
62	1	0
63	0	1
64	1	0
65	1	0
66	1	0
67	1	0
68	0	1
69	0	1
70	1	0
71	1	0
72	1	0
73	0	1
74	1	0
75	1	0
76	1	0
77	1	0
78	0	1
79	1	0
80	1	0
81	0	1
82	1	0
83	0	1
84	1	0
85	1	0
86	0	1
87	1	0
88	1	0
89	1	0
90	1	0
91	0	1
92	0	1
93	0	1
94	1	0
95	0	1
96	1	0
97	1	0
98	1	0
99	1	0
100	0	1
101	1	0
102	1	0
103	0	1
104	0	1
105	0	1
106	1	0
107	0	1
108	1	0
109	0	1
110	1	0
111	0	1
112	1	0
113	0	1
114	1	0
115	1	0
116	1	0
117	0	1
118	1	0
119	0	1
120	1	0
121	0	1
122	1	0
123	1	0
124	1	0
125	0	1
126	0	1
127	1	0
128	0	1
129	0	1
130	1	0
131	1	0
132	1	0
133	0	1
134	0	1
135	1	0
136	1	0
137	1	0
138	0	1
139	0	1
140	1	0
141	1	0
142	0	1
143	0	1
144	0	1
145	1	0
146	0	1
147	0	1
148	0	1
149	1	0
150	1	0
151	0	1
152	1	0
153	0	1
154	0	1
155	1	0
156	1	0
157	1	0
158	1	0
159	1	0
160	0	1
161	1	0
162	1	0
163	0	1
164	0	1
165	0	1
166	1	0
167	1	0
168	0	1
169	1	0
170	0	1
171	1	0
172	0	1
173	1	0
174	0	1
175	1	0
176	0	1
177	1	0
178	1	0
179	1	0
180	1	0
181	0	1
182	0	1
183	1	0
184	1	0
185	1	0
186	0	1
187	1	0
188	1	0
189	1	0
190	1	0
191	1	0
192	1	0
193	1	0
194	0	1
195	0	1
196	1	0
197	1	0
198	0	1
199	1	0
200	1	0
201	1	0
202	0	1
203	1	0
204	1	0
205	1	0
206	0	1
207	0	1
208	1	0
209	0	1
210	1	0
211	0	1
212	1	0
213	0	1
214	0	1
215	1	0
216	1	0
217	0	1
218	1	0
219	1	0
220	1	0
221	1	0
222	1	0
223	1	0
224	0	1
225	1	0
226	0	1
227	1	0
228	1	0
229	1	0
230	0	1
231	0	1
232	1	0
233	1	0
234	0	1
235	0	1
236	1	0
237	0	1
238	1	0
239	1	0
240	1	0
241	1	0
242	1	0
243	1	0
244	1	0
245	0	1
246	1	0
247	0	1
248	1	0
249	0	1
250	1	0
251	1	0
252	1	0
253	0	1
254	1	0
255	1	0
256	1	0
257	1	0
258	1	0
259	1	0
260	1	0
261	1	0
262	0	1
263	1	0
264	0	1
265	0	1
266	1	0
267	1	0
268	1	0
269	1	0
270	1	0
271	0	1
272	0	1
273	1	0
274	1	0
275	0	1
276	0	1
277	1	0
278	1	0
279	1	0
280	1	0
281	1	0
282	1	0
283	1	0
284	1	0
285	1	0
286	1	0
287	1	0
288	0	1
289	1	0
290	0	1
291	1	0
292	1	0
293	1	0
294	0	1
295	0	1
296	1	0
297	0	1
298	1	0
299	1	0
300	1	0
301	1	0
302	1	0
303	1	0
304	1	0
305	1	0
306	1	0
307	1	0
308	0	1
309	1	0
310	1	0
311	1	0
312	1	0
313	1	0
314	0	1
315	0	1
316	0	1
317	0	1
318	1	0
319	1	0
320	0	1
321	0	1
322	1	0
323	0	1
324	1	0
325	0	1
326	0	1
327	1	0
328	1	0
329	1	0
330	1	0
331	1	0
332	1	0
333	1	0
334	0	1
335	1	0
336	0	1
337	0	1
338	1	0
339	1	0
340	1	0
341	0	1
342	1	0
343	1	0
344	1	0
345	1	0
346	1	0
347	0	1
348	1	0
349	1	0
350	1	0
351	1	0
352	1	0
353	1	0
354	1	0
355	1	0
356	1	0
357	1	0
358	1	0
359	0	1
360	1	0
361	0	1
362	0	1
363	0	1
364	1	0
365	1	0
366	1	0
367	1	0
368	1	0
369	1	0
370	0	1
371	1	0
372	1	0
373	1	0
374	1	0
375	1	0
376	1	0
377	1	0
378	0	1
379	1	0
380	0	1
381	0	1
382	1	0
383	1	0
384	0	1
385	1	0
386	1	0
387	0	1
388	0	1
389	1	0
390	1	0
391	1	0
392	1	0
393	1	0
394	0	1
395	1	0
396	1	0
397	1	0
398	1	0
399	1	0
400	1	0
401	1	0
402	1	0
403	1	0
404	0	1
405	1	0
406	0	1
407	1	0
408	1	0
409	0	1
410	1	0
411	0	1
412	1	0
413	1	0
414	1	0
415	1	0
416	0	1
417	0	1
418	0	1
419	1	0
420	1	0
421	1	0
422	0	1
423	0	1
424	0	1
425	1	0
426	1	0
427	0	1
428	1	0
429	0	1
430	1	0
431	1	0
432	1	0
433	0	1
434	0	1
435	0	1
436	1	0
437	0	1
438	1	0
439	1	0
440	0	1
441	1	0
442	1	0
443	0	1
444	1	0
445	1	0
446	0	1
447	1	0
448	1	0
449	1	0
450	1	0
451	1	0
452	1	0
453	1	0
454	1	0
455	0	1
456	1	0
457	1	0
458	0	1
459	1	0
460	0	1
461	0	1
462	1	0
463	1	0
464	0	1
465	0	1
466	1	0
467	1	0
468	1	0
469	1	0
470	1	0
471	1	0
472	1	0
473	1	0
474	1	0
475	1	0
476	1	0
477	0	1
478	1	0
479	1	0
480	1	0
481	1	0
482	1	0
483	1	0
484	0	1
485	1	0
486	0	1
487	1	0
488	1	0
489	0	1
490	0	1
491	1	0
492	1	0
493	1	0
494	1	0
495	0	1
496	1	0
497	1	0
498	1	0
499	1	0
500	1	0
501	0	1
502	1	0
503	0	1
504	1	0
505	1	0
506	1	0
507	0	1
508	1	0
509	1	0
510	1	0
511	1	0
512	1	0
513	1	0
514	0	1
515	1	0
516	1	0
517	1	0
518	0	1
519	0	1
520	0	1
521	1	0
522	1	0
523	1	0
524	0	1
525	1	0
526	1	0
527	1	0
528	0	1
529	1	0
530	0	1
531	1	0
532	0	1
533	0	1
534	1	0
535	1	0
536	1	0
537	0	1
538	0	1
539	0	1
540	1	0
541	1	0
542	0	1
543	1	0
544	1	0
545	0	1
546	0	1
547	0	1
548	0	1
549	1	0
550	0	1
551	1	0
552	1	0
553	1	0
554	0	1
555	1	0
556	0	1
557	0	1
558	1	0
559	0	1
560	0	1
561	0	1
562	1	0
563	1	0
564	1	0
565	1	0
566	1	0
567	1	0
568	1	0
569	1	0
570	0	1
571	1	0
572	0	1
573	1	0
574	1	0
575	1	0
576	1	0
577	1	0
578	0	1
579	1	0
580	1	0
581	0	1
582	1	0
583	0	1
584	0	1
585	1	0
586	1	0
587	1	0
588	1	0
589	1	0
590	0	1
591	0	1
592	0	1
593	1	0
594	1	0
595	0	1
596	0	1
597	1	0
598	1	0
599	1	0
600	0	1
601	0	1
602	1	0
603	1	0
604	1	0
605	1	0
606	1	0
607	1	0
608	0	1
609	1	0
610	0	1
611	0	1
612	1	0
613	0	1
614	1	0
615	1	0
616	1	0
617	1	0
618	0	1
619	1	0
620	1	0
621	1	0
622	1	0
623	1	0
624	0	1
625	1	0
626	1	0
627	0	1
628	1	0
629	1	0
630	1	0
631	1	0
632	1	0
633	0	1
634	1	0
635	1	0
636	0	1
637	1	0
638	0	1
639	0	1
640	1	0
641	1	0
642	0	1
643	1	0
644	1	0
645	0	1
646	1	0
647	1	0
648	0	1
649	1	0
650	1	0
651	1	0
652	0	1
653	1	0
654	1	0
655	0	1
656	1	0
657	1	0
658	1	0
659	0	1
660	0	1
661	1	0
662	1	0
663	1	0
664	1	0
665	0	1
666	0	1
667	1	0
668	0	1
669	0	1
670	1	0
671	1	0
672	0	1
673	1	0
674	1	0
675	1	0
676	1	0
677	1	0
678	1	0
679	1	0
680	0	1
681	1	0
682	0	1
683	1	0
684	1	0
685	1	0
686	1	0
687	1	0
688	1	0
689	1	0
690	1	0
691	0	1
692	1	0
693	0	1
694	1	0
695	0	1
696	1	0
697	1	0
698	1	0
699	1	0
700	1	0
701	1	0
702	1	0
703	1	0
704	1	0
705	0	1
706	1	0
707	1	0
708	1	0
709	0	1
710	1	0
711	1	0
712	0	1
713	1	0
714	0	1
715	1	0
716	1	0
717	1	0
718	1	0
719	1	0
720	1	0
721	1	0
722	0	1
723	1	0
724	1	0
725	1	0
726	0	1
727	1	0
728	1	0
729	1	0
730	1	0
731	0	1
732	0	1
733	0	1
734	0	1
735	1	0
736	0	1
737	1	0
738	1	0
739	1	0
740	0	1
741	1	0
742	0	1
743	1	0
744	1	0
745	1	0
746	1	0
747	1	0
748	1	0
749	0	1
750	0	1
751	1	0
752	0	1
753	0	1
754	0	1
755	0	1
756	0	1
757	0	1
758	0	1
759	0	1
760	1	0
761	1	0
762	0	1
763	1	0
764	0	1
765	1	0
766	0	1
767	1	0
768	1	0
769	0	1
770	1	0
771	1	0
772	0	1
773	1	0
774	0	1
775	1	0
776	0	1
777	1	0
778	1	0
779	1	0
780	1	0
781	1	0
782	1	0
783	1	0
784	1	0
785	1	0
786	0	1
787	0	1
788	1	0
789	1	0
790	1	0
791	1	0
792	0	1
793	0	1
794	1	0
795	1	0
796	1	0
797	0	1
798	1	0
799	1	0
800	1	0
801	1	0
802	1	0
803	0	1
804	1	0
805	1	0
806	1	0
807	1	0
808	1	0
809	1	0
810	1	0
811	1	0
812	0	1
813	1	0
814	0	1
815	1	0
816	1	0
817	1	0
818	0	1
819	0	1
820	1	0
821	1	0
822	1	0
823	1	0
824	1	0
825	0	1
826	0	1
827	1	0
828	0	1
829	0	1
830	1	0
831	1	0
832	1	0
833	1	0
834	1	0
835	1	0
836	0	1
837	1	0
838	1	0
839	0	1
840	1	0
841	1	0
842	1	0
843	1	0
844	1	0
845	1	0
846	0	1
847	0	1
848	0	1
849	0	1
850	0	1
851	0	1
852	0	1
853	1	0
854	0	1
855	1	0
856	1	0
857	0	1
858	1	0
859	1	0
860	0	1
861	1	0
862	1	0
863	1	0
864	1	0
865	1	0
866	1	0
867	1	0
868	1	0
869	0	1
870	1	0
871	0	1
872	0	1
873	1	0
874	1	0
875	1	0
876	1	0
877	1	0
878	1	0
879	1	0
880	0	1
881	1	0
882	1	0
883	1	0
884	1	0
885	1	0
886	1	0
887	1	0
888	1	0
889	1	0
890	0	1
891	0	1
892	1	0
893	0	1
894	1	0
895	1	0
896	1	0
897	1	0
898	0	1
899	1	0
900	0	1
901	1	0
902	1	0
903	1	0
904	1	0
905	0	1
906	1	0
907	1	0
908	0	1
909	0	1
910	1	0
911	1	0
912	1	0
913	1	0
914	0	1
915	1	0
916	1	0
917	1	0
918	1	0
919	1	0
920	1	0
921	1	0
922	1	0
923	0	1
924	1	0
925	1	0
926	1	0
927	1	0
928	1	0
929	1	0
930	1	0
931	1	0
932	0	1
933	1	0
934	1	0
935	0	1
936	0	1
937	1	0
938	1	0
939	1	0
940	1	0
941	1	0
942	1	0
943	1	0
944	1	0
945	0	1
946	0	1
947	1	0
948	1	0
949	1	0
950	0	1
951	1	0
952	0	1
953	0	1
954	1	0
955	0	1
956	1	0
957	1	0
958	1	0
959	1	0
960	1	0
961	1	0
962	0	1
963	1	0
964	0	1
965	1	0
966	1	0
967	0	1
968	1	0
969	1	0
970	1	0
971	0	1
972	0	1
973	1	0
974	1	0
975	1	0
976	1	0
977	1	0
978	1	0
979	0	1
980	1	0
981	1	0
982	1	0
983	0	1
984	1	0
985	1	0
986	1	0
987	1	0
988	0	1
989	1	0
990	0	1
991	1	0
992	1	0
993	1	0
994	1	0
995	1	0
996	0	1
997	1	0
998	1	0
999	0	1
1000	1	0
1001	1	0
1002	0	1
1003	1	0
1004	1	0
1005	0	1
1006	1	0
1007	1	0
1008	1	0
1009	0	1
1010	1	0
1011	1	0
1012	1	0
1013	1	0
1014	1	0
1015	1	0
1016	1	0
1017	1	0
1018	1	0
1019	0	1
1020	1	0
1021	1	0
1022	0	1
1023	1	0
1024	1	0
1025	1	0
1026	1	0
1027	1	0
1028	1	0
1029	1	0
1030	0	1
1031	1	0
1032	1	0
1033	0	1
1034	1	0
1035	0	1
1036	0	1
1037	1	0
1038	0	1
1039	0	1
1040	0	1
1041	0	1
1042	1	0
1043	0	1
1044	0	1
1045	1	0
1046	1	0
1047	0	1
1048	1	0
1049	0	1
1050	1	0
1051	1	0
1052	1	0
1053	1	0
1054	1	0
1055	1	0
1056	1	0
1057	1	0
1058	1	0
1059	0	1
1060	1	0
1061	0	1
1062	1	0
1063	0	1
1064	0	1
1065	1	0
1066	1	0
1067	0	1
1068	0	1
1069	1	0
1070	0	1
1071	0	1
1072	1	0
1073	1	0
1074	0	1
1075	1	0
1076	1	0
1077	0	1
1078	0	1
1079	0	1
1080	0	1
1081	1	0
1082	1	0
1083	1	0
1084	0	1
1085	1	0
1086	1	0
1087	1	0
1088	0	1
1089	0	1
1090	1	0
1091	1	0
1092	1	0
1093	1	0
1094	1	0
1095	1	0
1096	0	1
1097	1	0
1098	1	0
1099	0	1
1100	1	0
1101	1	0
1102	1	0
1103	1	0
1104	1	0
1105	1	0
1106	1	0
1107	1	0
1108	1	0
1109	0	1
1110	0	1
1111	1	0
1112	1	0
1113	1	0
1114	1	0
1115	1	0
1116	1	0
1117	0	1
1118	1	0
1119	0	1
1120	1	0
1121	0	1
1122	0	1
1123	0	1
1124	1	0
1125	1	0
1126	1	0
1127	0	1
1128	1	0
1129	0	1
1130	1	0
1131	1	0
1132	1	0
1133	1	0
1134	1	0
1135	1	0
1136	1	0
1137	0	1
1138	1	0
1139	1	0
1140	1	0
1141	0	1
1142	1	0
1143	1	0
1144	1	0
1145	0	1
1146	1	0
1147	1	0
1148	1	0
1149	1	0
1150	0	1
1151	1	0
1152	1	0
1153	0	1
1154	0	1
1155	1	0
1156	1	0
1157	0	1
1158	1	0
1159	0	1
1160	0	1
1161	1	0
1162	0	1
1163	0	1
1164	0	1
1165	0	1
1166	1	0
1167	0	1
1168	0	1
1169	1	0
1170	1	0
1171	1	0
1172	1	0
1173	1	0
1174	1	0
1175	1	0
1176	0	1
1177	1	0
1178	0	1
1179	1	0
1180	1	0
1181	0	1
1182	1	0
1183	1	0
1184	1	0
1185	0	1
1186	1	0
1187	1	0
1188	1	0
1189	1	0
1190	1	0
1191	0	1
1192	0	1
1193	0	1
1194	1	0
1195	1	0
1196	0	1
1197	1	0
1198	1	0
1199	1	0
1200	1	0
1201	1	0
1202	1	0
1203	1	0
1204	1	0
1205	1	0
1206	0	1
1207	1	0
1208	0	1
1209	1	0
1210	0	1
1211	1	0
1212	1	0
1213	0	1
1214	1	0
1215	0	1
1216	1	0
1217	1	0
1218	1	0
1219	0	1
1220	1	0
1221	1	0
1222	1	0
1223	1	0
1224	0	1
1225	1	0
1226	0	1
1227	1	0
1228	0	1
1229	1	0
1230	1	0
1231	1	0
1232	1	0
1233	0	1
1234	1	0
1235	1	0
1236	1	0
1237	1	0
1238	0	1
1239	1	0
1240	0	1
1241	1	0
1242	0	1
1243	0	1
1244	1	0
1245	1	0
1246	0	1
1247	0	1
1248	0	1
1249	1	0
1250	0	1
1251	0	1
1252	1	0
1253	1	0
1254	0	1
1255	1	0
1256	1	0
1257	1	0
1258	1	0
1259	1	0
1260	1	0
1261	0	1
1262	1	0
1263	1	0
1264	1	0
1265	1	0
1266	1	0
1267	1	0
1268	0	1
1269	1	0
1270	0	1
1271	1	0
1272	0	1
1273	0	1
1274	1	0
1275	0	1
1276	1	0
1277	1	0
1278	0	1
1279	1	0
1280	1	0
1281	0	1
1282	1	0
1283	0	1
1284	0	1
1285	1	0
1286	0	1
1287	1	0
1288	1	0
1289	1	0
1290	1	0
1291	1	0
1292	1	0
1293	0	1
1294	1	0
1295	0	1
1296	1	0
1297	0	1
1298	1	0
1299	1	0
1300	1	0
1301	1	0
1302	1	0
1303	0	1
1304	1	0
1305	1	0
1306	0	1
1307	1	0
1308	0	1
1309	0	1
1310	0	1
1311	1	0
1312	0	1
1313	1	0
1314	1	0
1315	1	0
1316	1	0
1317	0	1
1318	1	0
1319	0	1
1320	1	0
1321	0	1
1322	1	0
1323	0	1
1324	1	0
1325	1	0
1326	1	0
1327	1	0
1328	0	1
1329	0	1
1330	1	0
1331	1	0
1332	0	1
1333	1	0
1334	0	1
1335	0	1
1336	1	0
1337	1	0
1338	0	1
1339	1	0
1340	1	0
1341	1	0
1342	1	0
1343	1	0
1344	1	0
1345	1	0
1346	0	1
1347	0	1
1348	1	0
1349	1	0
1350	1	0
1351	0	1
1352	1	0
1353	0	1
1354	1	0
1355	1	0
1356	0	1
1357	1	0
1358	0	1
1359	1	0
1360	1	0
1361	1	0
1362	1	0
1363	1	0
1364	1	0
1365	1	0
1366	1	0
1367	0	1
1368	0	1
1369	1	0
1370	1	0
1371	1	0
1372	0	1
1373	1	0
1374	0	1
1375	1	0
1376	1	0
1377	1	0
1378	1	0
1379	0	1
1380	1	0
1381	1	0
1382	1	0
1383	1	0
1384	1	0
1385	0	1
1386	1	0
1387	0	1
1388	1	0
1389	1	0
1390	0	1
1391	1	0
1392	1	0
1393	1	0
1394	1	0
1395	0	1
1396	1	0
1397	1	0
1398	1	0
1399	1	0
1400	1	0
1401	1	0
1402	1	0
1403	1	0
1404	0	1
1405	1	0
1406	0	1
1407	1	0
1408	1	0
1409	0	1
1410	1	0
1411	1	0
1412	1	0
1413	1	0
1414	1	0
1415	0	1
1416	1	0
1417	1	0
1418	1	0
1419	1	0
1420	1	0
1421	0	1
1422	1	0
1423	0	1
1424	1	0
1425	0	1
1426	1	0
1427	1	0
1428	1	0
1429	1	0
1430	1	0
1431	1	0
1432	0	1
1433	0	1
1434	0	1
1435	1	0
1436	1	0
1437	1	0
1438	1	0
1439	0	1
1440	0	1
1441	1	0
1442	1	0
1443	1	0
1444	1	0
1445	0	1
1446	1	0
1447	1	0
1448	1	0
1449	1	0
1450	1	0
1451	1	0
1452	0	1
1453	1	0
1454	0	1
1455	0	1
1456	1	0
1457	1	0
1458	1	0
1459	0	1
1460	0	1
1461	1	0
1462	1	0
1463	1	0
1464	0	1
1465	0	1
1466	1	0
1467	1	0
1468	0	1
1469	1	0
1470	1	0
1471	1	0
1472	0	1
1473	1	0
1474	1	0
1475	1	0
1476	1	0
1477	1	0
1478	1	0
1479	0	1
1480	1	0
1481	1	0
1482	0	1
1483	0	1
1484	1	0
1485	1	0
1486	0	1
1487	1	0
1488	0	1
1489	1	0
1490	1	0
1491	0	1
1492	1	0
1493	1	0
1494	1	0
1495	0	1
1496	1	0
1497	1	0
1498	0	1
1499	1	0
1500	1	0
1501	0	1
1502	1	0
1503	1	0
1504	0	1
1505	0	1
1506	1	0
1507	0	1
1508	1	0
1509	0	1
1510	1	0
1511	1	0
1512	1	0
1513	1	0
1514	1	0
1515	1	0
1516	1	0
1517	0	1
1518	1	0
1519	0	1
1520	0	1
1521	1	0
1522	1	0
1523	0	1
1524	1	0
1525	1	0
1526	1	0
1527	1	0
1528	1	0
1529	1	0
1530	0	1
1531	0	1
1532	1	0
1533	1	0
1534	1	0
1535	0	1
1536	0	1
1537	1	0
1538	1	0
1539	0	1
1540	1	0
1541	1	0
1542	1	0
1543	0	1
1544	1	0
1545	1	0
1546	1	0
1547	1	0
1548	1	0
1549	0	1
1550	1	0
1551	0	1
1552	1	0
1553	1	0
1554	1	0
1555	1	0
1556	0	1
1557	0	1
1558	1	0
1559	0	1
1560	1	0
1561	0	1
1562	1	0
1563	0	1
1564	1	0
1565	0	1
1566	1	0
1567	0	1
1568	0	1
1569	1	0
1570	1	0
1571	1	0
1572	1	0
1573	1	0
1574	1	0
1575	0	1
1576	0	1
1577	1	0
1578	1	0
1579	0	1
1580	1	0
1581	1	0
1582	0	1
1583	1	0
1584	1	0
1585	1	0
1586	1	0
1587	0	1
1588	0	1
1589	1	0
1590	0	1
1591	0	1
1592	0	1
1593	1	0
1594	1	0
1595	0	1
1596	1	0
1597	1	0
1598	1	0
1599	1	0
1600	1	0
1601	0	1
1602	1	0
1603	0	1
1604	1	0
1605	1	0
1606	1	0
1607	1	0
1608	1	0
1609	1	0
1610	0	1
1611	1	0
1612	0	1
1613	1	0
1614	0	1
1615	1	0
1616	1	0
1617	1	0
1618	0	1
1619	0	1
1620	0	1
1621	0	1
1622	0	1
1623	1	0
1624	1	0
1625	1	0
1626	1	0
1627	1	0
1628	1	0
1629	0	1
1630	1	0
1631	0	1
1632	1	0
1633	0	1
1634	1	0
1635	1	0
1636	1	0
1637	1	0
1638	0	1
1639	1	0
1640	0	1
1641	0	1
1642	1	0
1643	1	0
1644	1	0
1645	1	0
1646	1	0
1647	1	0
1648	1	0
1649	1	0
1650	1	0
1651	0	1
1652	1	0
1653	1	0
1654	1	0
1655	1	0
1656	1	0
1657	1	0
1658	0	1
1659	1	0
1660	0	1
1661	1	0
1662	1	0
1663	1	0
1664	0	1
1665	1	0
1666	1	0
1667	1	0
1668	1	0
1669	0	1
1670	0	1
1671	1	0
1672	1	0
1673	1	0
1674	0	1
1675	1	0
1676	1	0
1677	1	0
1678	0	1
1679	0	1
1680	1	0
1681	1	0
1682	1	0
1683	0	1
1684	1	0
1685	1	0
1686	1	0
1687	1	0
1688	1	0
1689	1	0
1690	1	0
1691	0	1
1692	1	0
1693	1	0
1694	1	0
1695	0	1
1696	0	1
1697	1	0
1698	1	0
1699	0	1
1700	1	0
1701	1	0
1702	0	1
1703	0	1
1704	0	1
1705	1	0
1706	1	0
1707	1	0
1708	1	0
1709	1	0
1710	1	0
1711	1	0
1712	0	1
1713	1	0
1714	1	0
1715	1	0
1716	0	1
1717	1	0
1718	1	0
1719	1	0
1720	0	1
1721	1	0
1722	1	0
1723	0	1
1724	1	0
1725	0	1
1726	0	1
1727	1	0
1728	0	1
1729	0	1
1730	1	0
1731	0	1
1732	1	0
1733	1	0
1734	1	0
1735	1	0
1736	0	1
1737	1	0
1738	0	1
1739	1	0
1740	0	1
1741	0	1
1742	1	0
1743	0	1
1744	0	1
1745	1	0
1746	1	0
1747	0	1
1748	0	1
1749	1	0
1750	0	1
1751	1	0
1752	1	0
1753	1	0
1754	0	1
1755	1	0
1756	1	0
1757	1	0
1758	1	0
1759	1	0
1760	1	0
1761	1	0
1762	0	1
1763	1	0
1764	1	0
1765	0	1
1766	1	0
1767	0	1
1768	1	0
1769	1	0
1770	1	0
1771	1	0
1772	1	0
1773	1	0
1774	0	1
1775	1	0
1776	1	0
1777	1	0
1778	1	0
1779	1	0
1780	1	0
1781	1	0
1782	1	0
1783	1	0
1784	0	1
1785	1	0
1786	1	0
1787	1	0
1788	1	0
1789	0	1
1790	1	0
1791	0	1
1792	1	0
1793	1	0
1794	1	0
1795	0	1
1796	0	1
1797	0	1
1798	1	0
1799	1	0
1800	1	0
1801	1	0
1802	0	1
1803	0	1
1804	1	0
1805	0	1
1806	0	1
1807	0	1
1808	1	0
1809	0	1
1810	1	0
1811	1	0
1812	0	1
1813	0	1
1814	0	1
1815	1	0
1816	0	1
1817	1	0
1818	0	1
1819	1	0
1820	1	0
1821	1	0
1822	1	0
1823	1	0
1824	0	1
1825	1	0
1826	1	0
1827	1	0
1828	1	0
1829	1	0
1830	1	0
1831	1	0
1832	1	0
1833	1	0
1834	0	1
1835	1	0
1836	1	0
1837	1	0
1838	1	0
1839	1	0
1840	1	0
1841	1	0
1842	1	0
1843	1	0
1844	1	0
1845	1	0
1846	1	0
1847	0	1
1848	1	0
1849	1	0
1850	1	0
1851	1	0
1852	1	0
1853	1	0
1854	1	0
1855	1	0
1856	1	0
1857	1	0
1858	0	1
1859	1	0
1860	1	0
1861	1	0
1862	1	0
1863	1	0
1864	0	1
1865	1	0
1866	1	0
1867	0	1
1868	0	1
1869	1	0
1870	1	0
1871	0	1
1872	0	1
1873	1	0
1874	1	0
1875	1	0
1876	1	0
1877	1	0
1878	1	0
1879	1	0
1880	1	0
1881	1	0
1882	1	0
1883	1	0
1884	1	0
1885	0	1
1886	1	0
1887	1	0
1888	1	0
1889	0	1
1890	1	0
1891	1	0
1892	1	0
1893	0	1
1894	1	0
1895	0	1
1896	0	1
1897	1	0
1898	1	0
1899	0	1
1900	1	0
1901	0	1
1902	1	0
1903	1	0
1904	1	0
1905	1	0
1906	1	0
1907	1	0
1908	1	0
1909	0	1
1910	0	1
1911	1	0
1912	0	1
1913	1	0
1914	1	0
1915	1	0
1916	0	1
1917	0	1
1918	0	1
1919	1	0
1920	1	0
1921	1	0
1922	1	0
1923	1	0
1924	1	0
1925	0	1
1926	0	1
1927	0	1
1928	1	0
1929	1	0
1930	1	0
1931	1	0
1932	1	0
1933	0	1
1934	0	1
1935	1	0
1936	1	0
1937	1	0
1938	1	0
1939	0	1
1940	0	1
1941	0	1
1942	1	0
1943	0	1
1944	0	1
1945	0	1
1946	1	0
1947	1	0
1948	1	0
1949	0	1
1950	1	0
1951	0	1
1952	0	1
1953	1	0
1954	1	0
1955	0	1
1956	0	1
1957	1	0
1958	1	0
1959	1	0
1960	1	0
1961	0	1
1962	0	1
1963	1	0
1964	1	0
1965	1	0
1966	1	0
1967	1	0
1968	1	0
1969	1	0
1970	0	1
1971	0	1
1972	1	0
1973	1	0
1974	0	1
1975	0	1
1976	1	0
1977	1	0
1978	1	0
1979	1	0
1980	1	0
1981	0	1
1982	1	0
1983	1	0
1984	1	0
1985	1	0
1986	1	0
1987	1	0
1988	1	0
1989	0	1
1990	0	1
1991	1	0
1992	0	1
1993	0	1
1994	1	0
1995	1	0
1996	1	0
1997	0	1
1998	1	0
1999	1	0
2000	1	0
2001	0	1
2002	1	0
2003	1	0
2004	0	1
2005	1	0
2006	1	0
2007	1	0
2008	1	0
2009	1	0
2010	1	0
2011	1	0
2012	1	0
2013	1	0
2014	0	1
2015	0	1
2016	1	0
2017	0	1
2018	1	0
2019	0	1
2020	0	1
2021	1	0
2022	0	1
2023	1	0
2024	0	1
2025	1	0
2026	1	0
2027	0	1
2028	1	0
2029	1	0
2030	1	0
2031	0	1
2032	1	0
2033	0	1
2034	1	0
2035	0	1
2036	1	0
2037	1	0
2038	0	1
2039	1	0
2040	0	1
2041	0	1
2042	0	1
2043	0	1
2044	1	0
2045	1	0
2046	0	1
2047	0	1
2048	0	1
2049	1	0
2050	1	0
2051	0	1
2052	1	0
2053	1	0
2054	0	1
2055	0	1
2056	0	1
2057	1	0
2058	1	0
2059	0	1
2060	1	0
2061	0	1
2062	1	0
2063	0	1
2064	1	0
2065	0	1
2066	1	0
2067	0	1
2068	1	0
2069	0	1
2070	1	0
2071	1	0
2072	0	1
2073	0	1
2074	1	0
2075	1	0
2076	1	0
2077	1	0
2078	0	1
2079	1	0
2080	0	1
2081	1	0
2082	1	0
2083	1	0
2084	0	1
2085	1	0
2086	1	0
2087	1	0
2088	1	0
2089	0	1
2090	1	0
2091	1	0
2092	0	1
2093	1	0
2094	0	1
2095	1	0
2096	1	0
2097	1	0
2098	0	1
2099	0	1
2100	1	0
2101	0	1
2102	1	0
2103	1	0
2104	1	0
2105	1	0
2106	0	1
2107	0	1
2108	1	0
2109	0	1
2110	1	0
2111	0	1
2112	1	0
2113	0	1
2114	1	0
2115	0	1
2116	1	0
2117	1	0
2118	1	0
2119	1	0
2120	1	0
2121	1	0
2122	1	0
2123	0	1
2124	0	1
2125	1	0
2126	1	0
2127	1	0
2128	1	0
2129	1	0
2130	1	0
2131	1	0
2132	1	0
2133	1	0
2134	0	1
2135	1	0
2136	1	0
2137	1	0
2138	1	0
2139	1	0
2140	1	0
2141	1	0
2142	1	0
2143	1	0
2144	0	1
2145	1	0
2146	0	1
2147	1	0
2148	1	0
2149	1	0
2150	1	0
2151	1	0
2152	1	0
2153	0	1
2154	1	0
2155	1	0
2156	0	1
2157	1	0
2158	1	0
2159	1	0
2160	0	1
2161	1	0
2162	1	0
2163	1	0
2164	0	1
2165	1	0
2166	0	1
2167	0	1
2168	1	0
2169	0	1
2170	1	0
2171	1	0
2172	0	1
2173	1	0
2174	0	1
2175	0	1
2176	1	0
2177	1	0
2178	1	0
2179	0	1
2180	0	1
2181	0	1
2182	1	0
2183	0	1
2184	1	0
2185	1	0
2186	1	0
2187	0	1
2188	1	0
2189	1	0
2190	1	0
2191	1	0
2192	1	0
2193	1	0
2194	1	0
2195	1	0
2196	1	0
2197	1	0
2198	0	1
2199	1	0
2200	1	0
2201	1	0
2202	1	0
2203	1	0
2204	1	0
2205	1	0
2206	0	1
2207	0	1
2208	1	0
2209	0	1
2210	0	1
2211	1	0
2212	0	1
2213	1	0
2214	1	0
2215	0	1
2216	1	0
2217	1	0
2218	0	1
2219	0	1
2220	1	0
2221	1	0
2222	1	0
2223	1	0
2224	0	1
2225	0	1
2226	1	0
2227	1	0
2228	1	0
2229	1	0
2230	1	0
2231	1	0
2232	1	0
2233	1	0
2234	1	0
2235	1	0
2236	0	1
2237	0	1
2238	1	0
2239	0	1
2240	1	0
2241	0	1
2242	1	0
2243	0	1
2244	1	0
2245	1	0
2246	1	0
2247	1	0
2248	0	1
2249	0	1
2250	1	0
2251	1	0
2252	1	0
2253	1	0
2254	0	1
2255	0	1
2256	1	0
2257	0	1
2258	1	0
2259	1	0
2260	1	0
2261	0	1
2262	1	0
2263	1	0
2264	1	0
2265	1	0
2266	1	0
2267	0	1
2268	1	0
2269	1	0
2270	1	0
2271	0	1
2272	0	1
2273	1	0
2274	1	0
2275	1	0
2276	1	0
2277	0	1
2278	0	1
2279	1	0
2280	1	0
2281	0	1
2282	1	0
2283	0	1
2284	1	0
2285	1	0
2286	1	0
2287	0	1
2288	0	1
2289	0	1
2290	0	1
2291	0	1
2292	1	0
2293	0	1
2294	0	1
2295	1	0
2296	1	0
2297	1	0
2298	0	1
2299	1	0
2300	1	0
2301	1	0
2302	1	0
2303	1	0
2304	1	0
2305	1	0
2306	1	0
2307	1	0
2308	1	0
2309	0	1
2310	1	0
2311	1	0
2312	0	1
2313	1	0
2314	0	1
2315	1	0
2316	1	0
2317	1	0
2318	0	1
2319	1	0
2320	1	0
2321	1	0
2322	0	1
2323	1	0
2324	1	0
2325	1	0
2326	0	1
2327	1	0
2328	1	0
2329	0	1
2330	1	0
2331	1	0
2332	1	0
2333	1	0
2334	0	1
2335	1	0
2336	1	0
2337	1	0
2338	0	1
2339	0	1
2340	0	1
2341	0	1
2342	0	1
2343	1	0
2344	1	0
2345	0	1
2346	0	1
2347	0	1
2348	1	0
2349	1	0
2350	1	0
2351	1	0
2352	1	0
2353	1	0
2354	1	0
2355	1	0
2356	1	0
2357	1	0
2358	0	1
2359	1	0
2360	1	0
2361	1	0
2362	0	1
2363	1	0
2364	1	0
2365	0	1
2366	1	0
2367	1	0
2368	0	1
2369	0	1
2370	1	0
2371	0	1
2372	1	0
2373	1	0
2374	1	0
2375	1	0
2376	1	0
2377	1	0
2378	0	1
2379	1	0
2380	1	0
2381	0	1
2382	0	1
2383	0	1
2384	0	1
2385	0	1
2386	0	1
2387	1	0
2388	1	0
2389	1	0
2390	0	1
2391	0	1
2392	0	1
2393	1	0
2394	1	0
2395	1	0
2396	1	0
2397	1	0
2398	1	0
2399	0	1
2400	1	0
2401	1	0
2402	0	1
2403	1	0
2404	1	0
2405	1	0
2406	1	0
2407	0	1
2408	0	1
2409	0	1
2410	1	0
2411	1	0
2412	0	1
2413	0	1
2414	1	0
2415	0	1
2416	1	0
2417	0	1
2418	1	0
2419	0	1
2420	1	0
2421	1	0
2422	1	0
2423	1	0
2424	0	1
2425	0	1
2426	1	0
2427	1	0
2428	0	1
2429	0	1
2430	0	1
2431	0	1
2432	0	1
2433	1	0
2434	1	0
2435	1	0
2436	1	0
2437	1	0
2438	0	1
2439	1	0
2440	1	0
2441	0	1
2442	0	1
2443	1	0
2444	0	1
2445	0	1
2446	1	0
2447	0	1
2448	1	0
2449	0	1
2450	0	1
2451	1	0
2452	1	0
2453	1	0
2454	1	0
2455	1	0
2456	0	1
2457	0	1
2458	1	0
2459	0	1
2460	0	1
2461	1	0
2462	0	1
2463	1	0
2464	0	1
2465	1	0
2466	1	0
2467	0	1
2468	1	0
2469	0	1
2470	1	0
2471	1	0
2472	0	1
2473	0	1
2474	1	0
2475	1	0
2476	1	0
2477	1	0
2478	0	1
2479	1	0
2480	1	0
2481	1	0
2482	1	0
2483	1	0
2484	0	1
2485	0	1
2486	1	0
2487	1	0
2488	1	0
2489	1	0
2490	0	1
2491	0	1
2492	1	0
2493	1	0
2494	1	0
2495	0	1
2496	1	0
2497	1	0
2498	0	1
2499	1	0
2500	1	0
2501	1	0
2502	1	0
2503	1	0
2504	1	0
2505	1	0
2506	1	0
2507	0	1
2508	0	1
2509	1	0
2510	0	1
2511	0	1
2512	0	1
2513	1	0
2514	1	0
2515	1	0
2516	0	1
2517	0	1
2518	1	0
2519	1	0
2520	1	0
2521	0	1
2522	1	0
2523	0	1
2524	1	0
2525	0	1
2526	0	1
2527	0	1
2528	0	1
2529	1	0
2530	1	0
2531	1	0
2532	0	1
2533	0	1
2534	1	0
2535	1	0
2536	1	0
2537	0	1
2538	0	1
2539	1	0
2540	1	0
2541	1	0
2542	1	0
2543	0	1
2544	1	0
2545	1	0
2546	1	0
2547	0	1
2548	1	0
2549	0	1
2550	0	1
2551	1	0
2552	1	0
2553	0	1
2554	1	0
2555	1	0
2556	1	0
2557	0	1
2558	0	1
2559	0	1
2560	1	0
2561	0	1
2562	1	0
2563	0	1
2564	1	0
2565	1	0
2566	1	0
2567	0	1
2568	1	0
2569	1	0
2570	0	1
2571	1	0
2572	0	1
2573	0	1
2574	1	0
2575	0	1
2576	1	0
2577	0	1
2578	1	0
2579	0	1
2580	0	1
2581	1	0
2582	0	1
2583	1	0
2584	1	0
2585	1	0
2586	1	0
2587	1	0
2588	1	0
2589	1	0
2590	1	0
2591	1	0
2592	1	0
2593	1	0
2594	0	1
2595	0	1
2596	1	0
2597	1	0
2598	0	1
2599	1	0
2600	1	0
2601	0	1
2602	1	0
2603	1	0
2604	1	0
2605	1	0
2606	0	1
2607	0	1
2608	0	1
2609	0	1
2610	1	0
2611	0	1
2612	0	1
2613	1	0
2614	1	0
2615	1	0
2616	1	0
2617	1	0
2618	0	1
2619	0	1
2620	0	1
2621	1	0
2622	1	0
2623	1	0
2624	1	0
2625	0	1
2626	0	1
2627	0	1
2628	1	0
2629	1	0
2630	1	0
2631	0	1
2632	1	0
2633	1	0
2634	1	0
2635	0	1
2636	1	0
2637	0	1
2638	0	1
2639	1	0
2640	1	0
2641	1	0
2642	1	0
2643	1	0
2644	1	0
2645	1	0
2646	0	1
2647	1	0
2648	1	0
2649	1	0
2650	0	1
2651	0	1
2652	1	0
2653	1	0
2654	0	1
2655	1	0
2656	1	0
2657	1	0
2658	0	1
2659	0	1
2660	0	1
2661	1	0
2662	1	0
2663	1	0
2664	1	0
2665	0	1
2666	1	0
2667	1	0
2668	1	0
2669	1	0
2670	0	1
2671	0	1
2672	0	1
2673	0	1
2674	0	1
2675	1	0
2676	1	0
2677	1	0
2678	1	0
2679	1	0
2680	0	1
2681	1	0
2682	1	0
2683	0	1
2684	1	0
2685	1	0
2686	1	0
2687	1	0
2688	0	1
2689	0	1
2690	1	0
2691	0	1
2692	1	0
2693	1	0
2694	1	0
2695	0	1
2696	1	0
2697	0	1
2698	1	0
2699	1	0
2700	0	1
2701	0	1
2702	1	0
2703	1	0
2704	0	1
2705	1	0
2706	1	0
2707	1	0
2708	0	1
2709	1	0
2710	0	1
2711	1	0
2712	0	1
2713	0	1
2714	1	0
2715	1	0
2716	0	1
2717	1	0
2718	1	0
2719	1	0
2720	0	1
2721	0	1
2722	1	0
2723	1	0
2724	1	0
2725	0	1
2726	1	0
2727	0	1
2728	0	1
2729	0	1
2730	0	1
2731	0	1
2732	1	0
2733	1	0
2734	0	1
2735	0	1
2736	0	1
2737	0	1
2738	1	0
2739	1	0
2740	1	0
2741	0	1
2742	0	1
2743	1	0
2744	0	1
2745	1	0
2746	0	1
2747	1	0
2748	1	0
2749	0	1
2750	1	0
2751	1	0
2752	1	0
2753	1	0
2754	1	0
2755	0	1
2756	0	1
2757	1	0
2758	0	1
2759	0	1
2760	1	0
2761	0	1
2762	1	0
2763	1	0
2764	1	0
2765	1	0
2766	1	0
2767	1	0
2768	0	1
2769	0	1
2770	1	0
2771	0	1
2772	1	0
2773	1	0
2774	0	1
2775	0	1
2776	1	0
2777	1	0
2778	0	1
2779	0	1
2780	1	0
2781	1	0
2782	1	0
2783	1	0
2784	1	0
2785	0	1
2786	1	0
2787	0	1
2788	0	1
2789	1	0
2790	1	0
2791	1	0
2792	1	0
2793	1	0
2794	1	0
2795	0	1
2796	1	0
2797	1	0
2798	1	0
2799	1	0
2800	0	1
2801	0	1
2802	1	0
2803	1	0
2804	1	0
2805	0	1
2806	1	0
2807	0	1
2808	1	0
2809	1	0
2810	1	0
2811	1	0
2812	1	0
2813	1	0
2814	1	0
2815	1	0
2816	1	0
2817	0	1
2818	1	0
2819	1	0
2820	1	0
2821	1	0
2822	0	1
2823	0	1
2824	0	1
2825	0	1
2826	1	0
2827	1	0
2828	1	0
2829	0	1
2830	0	1
2831	1	0
2832	1	0
2833	0	1
2834	1	0
2835	1	0
2836	1	0
2837	1	0
2838	1	0
2839	1	0
2840	0	1
2841	1	0
2842	1	0
2843	0	1
2844	1	0
2845	1	0
2846	0	1
2847	1	0
2848	1	0
2849	0	1
2850	0	1
2851	1	0
2852	1	0
2853	1	0
2854	0	1
2855	1	0
2856	0	1
2857	1	0
2858	1	0
2859	1	0
2860	0	1
2861	0	1
2862	1	0
2863	1	0
2864	1	0
2865	1	0
2866	1	0
2867	1	0
2868	0	1
2869	1	0
2870	1	0
2871	1	0
2872	1	0
2873	1	0
2874	1	0
2875	1	0
2876	0	1
2877	1	0
2878	0	1
2879	1	0
2880	1	0
2881	0	1
2882	0	1
2883	1	0
2884	1	0
2885	1	0
2886	1	0
2887	1	0
2888	1	0
2889	0	1
2890	1	0
2891	1	0
2892	1	0
2893	0	1
2894	0	1
2895	1	0
2896	0	1
2897	1	0
2898	0	1
2899	0	1
2900	0	1
2901	0	1
2902	1	0
2903	0	1
2904	1	0
2905	0	1
2906	1	0
2907	1	0
2908	0	1
2909	0	1
2910	0	1
2911	0	1
2912	0	1
2913	0	1
2914	0	1
2915	1	0
2916	1	0
2917	1	0
2918	1	0
2919	0	1
2920	1	0
2921	1	0
2922	1	0
2923	0	1
2924	1	0
2925	0	1
2926	1	0
2927	1	0
2928	1	0
2929	1	0
2930	1	0
2931	1	0
2932	0	1
2933	1	0
2934	1	0
2935	0	1
2936	0	1
2937	1	0
2938	0	1
2939	0	1
2940	1	0
2941	0	1
2942	1	0
2943	1	0
2944	1	0
2945	1	0
2946	1	0
2947	0	1
2948	1	0
2949	0	1
2950	1	0
2951	0	1
2952	0	1
2953	1	0
2954	1	0
2955	0	1
2956	1	0
2957	1	0
2958	1	0
2959	1	0
2960	1	0
2961	1	0
2962	1	0
2963	1	0
2964	1	0
2965	0	1
2966	1	0
2967	1	0
2968	0	1
2969	1	0
2970	1	0
2971	1	0
2972	1	0
2973	1	0
2974	1	0
2975	1	0
2976	1	0
2977	0	1
2978	1	0
2979	1	0
2980	1	0
2981	1	0
2982	1	0
2983	1	0
2984	1	0
2985	0	1
2986	1	0
2987	0	1
2988	1	0
2989	0	1
2990	0	1
2991	0	1
2992	1	0
2993	1	0
2994	1	0
2995	0	1
2996	0	1
2997	1	0
2998	0	1
2999	1	0
3000	1	0
3001	0	1
3002	1	0
3003	0	1
3004	0	1
3005	1	0
3006	1	0
3007	0	1
3008	1	0
3009	0	1
3010	1	0
3011	1	0
3012	1	0
3013	1	0
3014	0	1
3015	1	0
3016	1	0
3017	1	0
3018	0	1
3019	0	1
3020	0	1
3021	1	0
3022	1	0
3023	1	0
3024	0	1
3025	1	0
3026	1	0
3027	1	0
3028	1	0
3029	1	0
3030	1	0
3031	0	1
3032	1	0
3033	1	0
3034	1	0
3035	0	1
3036	1	0
3037	1	0
3038	1	0
3039	1	0
3040	0	1
3041	1	0
3042	1	0
3043	0	1
3044	0	1
3045	1	0
3046	1	0
3047	0	1
3048	0	1
3049	1	0
3050	1	0
3051	0	1
3052	1	0
3053	1	0
3054	1	0
3055	1	0
3056	1	0
3057	0	1
3058	1	0
3059	1	0
3060	1	0
3061	1	0
3062	1	0
3063	1	0
3064	1	0
3065	1	0
3066	1	0
3067	0	1
3068	0	1
3069	1	0
3070	0	1
3071	1	0
3072	0	1
3073	1	0
3074	1	0
3075	1	0
3076	1	0
3077	0	1
3078	0	1
3079	1	0
3080	1	0
3081	1	0
3082	1	0
3083	1	0
3084	0	1
3085	1	0
3086	0	1
3087	0	1
3088	0	1
3089	1	0
3090	0	1
3091	1	0
3092	0	1
3093	0	1
3094	1	0
3095	0	1
3096	1	0
3097	0	1
3098	0	1
3099	0	1
3100	1	0
3101	1	0
3102	1	0
3103	1	0
3104	1	0
3105	0	1
3106	1	0
3107	1	0
3108	0	1
3109	1	0
3110	1	0
3111	1	0
3112	0	1
3113	1	0
3114	0	1
3115	1	0
3116	1	0
3117	1	0
3118	0	1
3119	0	1
3120	0	1
3121	0	1
3122	0	1
3123	1	0
3124	0	1
3125	0	1
3126	1	0
3127	1	0
3128	0	1
3129	1	0
3130	1	0
3131	1	0
3132	1	0
3133	1	0
3134	1	0
3135	1	0
3136	0	1
3137	0	1
3138	1	0
3139	0	1
3140	0	1
3141	0	1
3142	1	0
3143	1	0
3144	0	1
3145	1	0
3146	1	0
3147	1	0
3148	1	0
3149	0	1
3150	1	0
3151	1	0
3152	0	1
3153	0	1
3154	0	1
3155	1	0
3156	0	1
3157	1	0
3158	1	0
3159	1	0
3160	1	0
3161	1	0
3162	0	1
3163	1	0
3164	0	1
3165	1	0
3166	1	0
3167	1	0
3168	0	1
3169	1	0
3170	0	1
3171	1	0
3172	1	0
3173	1	0
3174	1	0
3175	1	0
3176	0	1
3177	1	0
3178	1	0
3179	1	0
3180	0	1
3181	1	0
3182	0	1
3183	1	0
3184	1	0
3185	1	0
3186	1	0
3187	0	1
3188	1	0
3189	0	1
3190	1	0
3191	0	1
3192	1	0
3193	0	1
3194	1	0
3195	1	0
3196	1	0
3197	0	1
3198	0	1
3199	1	0
3200	1	0
3201	1	0
3202	1	0
3203	1	0
3204	1	0
3205	0	1
3206	1	0
3207	1	0
3208	1	0
3209	1	0
3210	0	1
3211	0	1
3212	1	0
3213	1	0
3214	0	1
3215	1	0
3216	0	1
3217	1	0
3218	1	0
3219	0	1
3220	1	0
3221	0	1
3222	1	0
3223	1	0
3224	1	0
3225	1	0
3226	1	0
3227	1	0
3228	1	0
3229	1	0
3230	0	1
3231	1	0
3232	1	0
3233	1	0
3234	0	1
3235	0	1
3236	0	1
3237	0	1
3238	1	0
3239	0	1
3240	1	0
3241	1	0
3242	0	1
3243	1	0
3244	1	0
3245	1	0
3246	0	1
3247	1	0
3248	0	1
3249	1	0
3250	1	0
3251	0	1
3252	1	0
3253	0	1
3254	1	0
3255	0	1
3256	1	0
3257	1	0
3258	1	0
3259	1	0
3260	1	0
3261	1	0
3262	1	0
3263	1	0
3264	1	0
3265	1	0
3266	1	0
3267	0	1
3268	1	0
3269	0	1
3270	1	0
3271	1	0
3272	0	1
3273	1	0
3274	0	1
3275	1	0
3276	0	1
3277	1	0
3278	0	1
3279	1	0
3280	0	1
3281	1	0
3282	0	1
3283	1	0
3284	1	0
3285	0	1
3286	1	0
3287	1	0
3288	1	0
3289	0	1
3290	1	0
3291	0	1
3292	1	0
3293	0	1
3294	0	1
3295	0	1
3296	0	1
3297	1	0
3298	1	0
3299	0	1
3300	0	1
3301	1	0
3302	1	0
3303	0	1
3304	1	0
3305	0	1
3306	0	1
3307	0	1
3308	1	0
3309	1	0
3310	1	0
3311	1	0
3312	0	1
3313	1	0
3314	1	0
3315	1	0
3316	1	0
3317	1	0
3318	1	0
3319	1	0
3320	1	0
3321	1	0
3322	0	1
3323	1	0
3324	1	0
3325	1	0
3326	1	0
3327	0	1
3328	1	0
3329	1	0
3330	1	0
3331	1	0
3332	1	0
3333	1	0
3334	0	1
3335	1	0
3336	1	0
3337	1	0
3338	1	0
3339	0	1
3340	1	0
3341	1	0
3342	1	0
3343	0	1
3344	1	0
3345	1	0
3346	0	1
3347	1	0
3348	1	0
3349	1	0
3350	1	0
3351	0	1
3352	1	0
3353	1	0
3354	1	0
3355	1	0
3356	1	0
3357	0	1
3358	1	0
3359	1	0
3360	0	1
3361	0	1
3362	1	0
3363	1	0
3364	1	0
3365	1	0
3366	1	0
3367	1	0
3368	1	0
3369	0	1
3370	0	1
3371	1	0
3372	1	0
3373	0	1
3374	1	0
3375	1	0
3376	0	1
3377	1	0
3378	1	0
3379	0	1
3380	0	1
3381	0	1
3382	1	0
3383	0	1
3384	1	0
3385	0	1
3386	0	1
3387	1	0
3388	1	0
3389	1	0
3390	1	0
3391	0	1
3392	1	0
3393	1	0
3394	1	0
3395	0	1
3396	0	1
3397	1	0
3398	0	1
3399	0	1
3400	0	1
3401	1	0
3402	1	0
3403	0	1
3404	1	0
3405	1	0
3406	1	0
3407	0	1
3408	1	0
3409	0	1
3410	1	0
3411	1	0
3412	0	1
3413	0	1
3414	1	0
3415	1	0
3416	1	0
3417	1	0
3418	0	1
3419	1	0
3420	1	0
3421	0	1
3422	1	0
3423	0	1
3424	0	1
3425	1	0
3426	1	0
3427	1	0
3428	0	1
3429	1	0
3430	1	0
3431	1	0
3432	1	0
3433	1	0
3434	1	0
3435	1	0
3436	1	0
3437	1	0
3438	1	0
3439	1	0
3440	1	0
3441	1	0
3442	0	1
3443	1	0
3444	0	1
3445	0	1
3446	1	0
3447	1	0
3448	0	1
3449	0	1
3450	1	0
3451	1	0
3452	1	0
3453	0	1
3454	0	1
3455	1	0
3456	1	0
3457	0	1
3458	1	0
3459	0	1
3460	1	0
3461	0	1
3462	0	1
3463	1	0
3464	1	0
3465	1	0
3466	1	0
3467	0	1
3468	0	1
3469	1	0
3470	1	0
3471	1	0
3472	1	0
3473	1	0
3474	1	0
3475	1	0
3476	0	1
3477	1	0
3478	0	1
3479	1	0
3480	0	1
3481	1	0
3482	0	1
3483	1	0
3484	1	0
3485	0	1
3486	1	0
3487	1	0
3488	0	1
3489	1	0
3490	0	1
3491	1	0
3492	1	0
3493	0	1
3494	1	0
3495	1	0
3496	1	0
3497	1	0
3498	0	1
3499	0	1
3500	0	1
3501	1	0
3502	1	0
3503	1	0
3504	1	0
3505	0	1
3506	0	1
3507	1	0
3508	0	1
3509	1	0
3510	1	0
3511	1	0
3512	0	1
3513	1	0
3514	1	0
3515	0	1
3516	0	1
3517	1	0
3518	1	0
3519	0	1
3520	1	0
3521	0	1
3522	1	0
3523	1	0
3524	1	0
3525	0	1
3526	1	0
3527	1	0
3528	0	1
3529	1	0
3530	1	0
3531	1	0
3532	1	0
3533	0	1
3534	0	1
3535	1	0
3536	1	0
3537	1	0
3538	0	1
3539	1	0
3540	0	1
3541	0	1
3542	0	1
3543	1	0
3544	1	0
3545	1	0
3546	0	1
3547	1	0
3548	1	0
3549	1	0
3550	0	1
3551	1	0
3552	1	0
3553	1	0
3554	0	1
3555	1	0
3556	1	0
3557	1	0
3558	1	0
3559	1	0
3560	1	0
3561	1	0
3562	1	0
3563	0	1
3564	0	1
3565	1	0
3566	1	0
3567	1	0
3568	1	0
3569	0	1
3570	1	0
3571	1	0
3572	1	0
3573	0	1
3574	1	0
3575	0	1
3576	1	0
3577	1	0
3578	1	0
3579	1	0
3580	1	0
3581	1	0
3582	0	1
3583	0	1
3584	1	0
3585	1	0
3586	0	1
3587	0	1
3588	1	0
3589	0	1
3590	1	0
3591	1	0
3592	0	1
3593	1	0
3594	0	1
3595	1	0
3596	1	0
3597	0	1
3598	1	0
3599	0	1
3600	1	0
3601	1	0
3602	0	1
3603	1	0
3604	1	0
3605	0	1
3606	1	0
3607	0	1
3608	1	0
3609	1	0
3610	1	0
3611	1	0
3612	1	0
3613	1	0
3614	1	0
3615	0	1
3616	1	0
3617	0	1
3618	1	0
3619	0	1
3620	1	0
3621	1	0
3622	1	0
3623	1	0
3624	0	1
3625	0	1
3626	1	0
3627	1	0
3628	0	1
3629	0	1
3630	1	0
3631	1	0
3632	1	0
3633	1	0
3634	1	0
3635	1	0
3636	1	0
3637	1	0
3638	1	0
3639	1	0
3640	0	1
3641	0	1
3642	1	0
3643	0	1
3644	0	1
3645	1	0
3646	0	1
3647	1	0
3648	0	1
3649	1	0
3650	1	0
3651	1	0
3652	0	1
3653	1	0
3654	0	1
3655	1	0
3656	0	1
3657	1	0
3658	1	0
3659	0	1
3660	1	0
3661	1	0
3662	1	0
3663	1	0
3664	0	1
3665	1	0
3666	1	0
3667	1	0
3668	1	0
3669	1	0
3670	1	0
3671	1	0
3672	0	1
3673	0	1
3674	1	0
3675	1	0
3676	0	1
3677	1	0
3678	1	0
3679	0	1
3680	1	0
3681	0	1
3682	1	0
3683	0	1
3684	0	1
3685	0	1
3686	0	1
3687	1	0
3688	1	0
3689	1	0
3690	1	0
3691	1	0
3692	1	0
3693	1	0
3694	1	0
3695	1	0
3696	0	1
3697	1	0
3698	0	1
3699	0	1
3700	0	1
3701	0	1
3702	1	0
3703	0	1
3704	1	0
3705	0	1
3706	0	1
3707	1	0
3708	1	0
3709	1	0
3710	1	0
3711	1	0
3712	1	0
3713	0	1
3714	0	1
3715	1	0
3716	1	0
3717	0	1
3718	1	0
3719	1	0
3720	1	0
3721	0	1
3722	1	0
3723	0	1
3724	1	0
3725	1	0
3726	1	0
3727	0	1
3728	1	0
3729	0	1
3730	0	1
3731	0	1
3732	0	1
3733	0	1
3734	1	0
3735	1	0
3736	0	1
3737	1	0
3738	1	0
3739	1	0
3740	1	0
3741	1	0
3742	0	1
3743	0	1
3744	1	0
3745	1	0
3746	1	0
3747	0	1
3748	0	1
3749	1	0
3750	0	1
3751	0	1
3752	0	1
3753	1	0
3754	1	0
3755	1	0
3756	0	1
3757	1	0
3758	0	1
3759	1	0
3760	1	0
3761	1	0
3762	1	0
3763	0	1
3764	1	0
3765	1	0
3766	1	0
3767	1	0
3768	1	0
3769	1	0
3770	0	1
3771	1	0
3772	1	0
3773	1	0
3774	0	1
3775	1	0
3776	1	0
3777	0	1
3778	0	1
3779	0	1
3780	1	0
3781	1	0
3782	1	0
3783	1	0
3784	1	0
3785	0	1
3786	1	0
3787	1	0
3788	0	1
3789	1	0
3790	1	0
3791	0	1
3792	1	0
3793	1	0
3794	1	0
3795	1	0
3796	1	0
3797	1	0
3798	0	1
3799	0	1
3800	1	0
3801	0	1
3802	1	0
3803	0	1
3804	1	0
3805	1	0
3806	0	1
3807	0	1
3808	1	0
3809	1	0
3810	0	1
3811	1	0
3812	0	1
3813	1	0
3814	1	0
3815	1	0
3816	1	0
3817	1	0
3818	0	1
3819	1	0
3820	0	1
3821	1	0
3822	1	0
3823	1	0
3824	0	1
3825	0	1
3826	1	0
3827	0	1
3828	1	0
3829	1	0
3830	0	1
3831	0	1
3832	0	1
3833	1	0
3834	0	1
3835	1	0
3836	1	0
3837	0	1
3838	1	0
3839	1	0
3840	1	0
3841	0	1
3842	0	1
3843	1	0
3844	1	0
3845	1	0
3846	1	0
3847	1	0
3848	1	0
3849	1	0
3850	0	1
3851	1	0
3852	1	0
3853	1	0
3854	0	1
3855	0	1
3856	1	0
3857	1	0
3858	0	1
3859	0	1
3860	0	1
3861	1	0
3862	1	0
3863	1	0
3864	0	1
3865	1	0
3866	1	0
3867	0	1
3868	1	0
3869	1	0
3870	0	1
3871	0	1
3872	1	0
3873	1	0
3874	1	0
3875	1	0
3876	1	0
3877	0	1
3878	1	0
3879	0	1
3880	1	0
3881	1	0
3882	1	0
3883	0	1
3884	0	1
3885	1	0
3886	1	0
3887	0	1
3888	1	0
3889	0	1
3890	0	1
3891	0	1
3892	1	0
3893	0	1
3894	1	0
3895	0	1
3896	1	0
3897	1	0
3898	1	0
3899	1	0
3900	1	0
3901	1	0
3902	0	1
3903	0	1
3904	1	0
3905	1	0
3906	0	1
3907	1	0
3908	0	1
3909	1	0
3910	0	1
3911	1	0
3912	0	1
3913	0	1
3914	1	0
3915	1	0
3916	1	0
3917	1	0
3918	1	0
3919	1	0
3920	0	1
3921	0	1
3922	1	0
3923	0	1
3924	1	0
3925	1	0
3926	1	0
3927	1	0
3928	1	0
3929	0	1
3930	0	1
3931	1	0
3932	1	0
3933	1	0
3934	1	0
3935	1	0
3936	0	1
3937	0	1
3938	1	0
3939	1	0
3940	1	0
3941	1	0
3942	1	0
3943	0	1
3944	1	0
3945	0	1
3946	0	1
3947	0	1
3948	1	0
3949	0	1
3950	0	1
3951	1	0
3952	1	0
3953	1	0
3954	0	1
3955	1	0
3956	1	0
3957	1	0
3958	0	1
3959	0	1
3960	0	1
3961	1	0
3962	1	0
3963	0	1
3964	1	0
3965	1	0
3966	0	1
3967	0	1
3968	0	1
3969	1	0
3970	1	0
3971	0	1
3972	1	0
3973	1	0
3974	1	0
3975	1	0
3976	0	1
3977	1	0
3978	1	0
3979	1	0
3980	0	1
3981	1	0
3982	1	0
3983	1	0
3984	0	1
3985	1	0
3986	1	0
3987	1	0
3988	1	0
3989	0	1
3990	1	0
3991	1	0
3992	0	1
3993	1	0
3994	1	0
3995	1	0
3996	0	1
3997	1	0
3998	1	0
3999	0	1
4000	1	0
4001	1	0
4002	0	1
4003	0	1
4004	0	1
4005	1	0
4006	1	0
4007	1	0
4008	0	1
4009	0	1
4010	0	1
4011	1	0
4012	1	0
4013	0	1
4014	1	0
4015	1	0
4016	0	1
4017	0	1
4018	0	1
4019	1	0
4020	1	0
4021	1	0
4022	1	0
4023	0	1
4024	1	0
4025	0	1
4026	1	0
4027	0	1
4028	1	0
4029	0	1
4030	0	1
4031	1	0
4032	1	0
4033	0	1
4034	0	1
4035	1	0
4036	1	0
4037	1	0
4038	1	0
4039	0	1
4040	1	0
4041	1	0
4042	1	0
4043	1	0
4044	1	0
4045	1	0
4046	1	0
4047	1	0
4048	1	0
4049	1	0
4050	0	1
4051	1	0
4052	0	1
4053	1	0
4054	1	0
4055	0	1
4056	1	0
4057	0	1
4058	1	0
4059	0	1
4060	0	1
4061	1	0
4062	0	1
4063	1	0
4064	0	1
4065	0	1
4066	1	0
4067	1	0
4068	1	0
4069	0	1
4070	1	0
4071	1	0
4072	1	0
4073	0	1
4074	1	0
4075	1	0
4076	0	1
4077	0	1
4078	0	1
4079	1	0
4080	0	1
4081	1	0
4082	1	0
4083	1	0
4084	0	1
4085	0	1
4086	1	0
4087	0	1
4088	0	1
4089	1	0
4090	0	1
4091	1	0
4092	1	0
4093	1	0
4094	0	1
4095	0	1
4096	0	1
4097	0	1
4098	0	1
4099	1	0
4100	0	1
4101	1	0
4102	1	0
4103	1	0
4104	1	0
4105	0	1
4106	0	1
4107	0	1
4108	0	1
4109	0	1
4110	0	1
4111	1	0
4112	0	1
4113	1	0
4114	1	0
4115	0	1
4116	0	1
4117	1	0
4118	1	0
4119	1	0
4120	0	1
4121	0	1
4122	1	0
4123	0	1
4124	1	0
4125	0	1
4126	1	0
4127	0	1
4128	0	1
4129	0	1
4130	0	1
4131	1	0
4132	0	1
4133	1	0
4134	0	1
4135	1	0
4136	0	1
4137	0	1
4138	0	1
4139	0	1
4140	1	0
4141	0	1
4142	1	0
4143	1	0
4144	1	0
4145	0	1
4146	1	0
4147	1	0
4148	1	0
4149	1	0
4150	1	0
4151	1	0
4152	1	0
4153	1	0
4154	0	1
4155	1	0
4156	1	0
4157	1	0
4158	0	1
4159	0	1
4160	0	1
4161	1	0
4162	0	1
4163	1	0
4164	1	0
4165	0	1
4166	0	1
4167	1	0
4168	0	1
4169	0	1
4170	1	0
4171	0	1
4172	1	0
4173	0	1
4174	0	1
4175	0	1
4176	0	1
4177	1	0
4178	1	0
4179	1	0
4180	1	0
4181	1	0
4182	1	0
4183	1	0
4184	0	1
4185	1	0
4186	0	1
4187	0	1
4188	1	0
4189	1	0
4190	1	0
4191	1	0
4192	1	0
4193	0	1
4194	1	0
4195	1	0
4196	0	1
4197	1	0
4198	1	0
4199	1	0
4200	1	0
4201	1	0
4202	0	1
4203	0	1
4204	0	1
4205	1	0
4206	1	0
4207	0	1
4208	1	0
4209	0	1
4210	0	1
4211	0	1
4212	1	0
4213	1	0
4214	0	1
4215	0	1
4216	1	0
4217	0	1
4218	1	0
4219	1	0
4220	1	0
4221	1	0
4222	1	0
4223	0	1
4224	0	1
4225	1	0
4226	0	1
4227	0	1
4228	0	1
4229	1	0
4230	1	0
4231	1	0
4232	1	0
4233	1	0
4234	0	1
4235	1	0
4236	1	0
4237	1	0
4238	1	0
4239	1	0
4240	1	0
4241	0	1
4242	1	0
4243	1	0
4244	1	0
4245	1	0
4246	0	1
4247	0	1
4248	1	0
4249	1	0
4250	0	1
4251	1	0
4252	0	1
4253	1	0
4254	0	1
4255	0	1
4256	1	0
4257	1	0
4258	0	1
4259	1	0
4260	0	1
4261	1	0
4262	1	0
4263	1	0
4264	1	0
4265	1	0
4266	0	1
4267	1	0
4268	0	1
4269	1	0
4270	0	1
4271	1	0
4272	0	1
4273	0	1
4274	1	0
4275	1	0
4276	0	1
4277	0	1
4278	1	0
4279	1	0
4280	1	0
4281	0	1
4282	0	1
4283	1	0
4284	0	1
4285	1	0
4286	0	1
4287	1	0
4288	1	0
4289	1	0
4290	0	1
4291	1	0
4292	1	0
4293	1	0
4294	1	0
4295	1	0
4296	0	1
4297	1	0
4298	0	1
4299	0	1
4300	1	0
4301	1	0
4302	1	0
4303	1	0
4304	1	0
4305	1	0
4306	0	1
4307	0	1
4308	0	1
4309	0	1
4310	1	0
4311	1	0
4312	1	0
4313	0	1
4314	1	0
4315	1	0
4316	0	1
4317	0	1
4318	1	0
4319	0	1
4320	1	0
4321	1	0
4322	1	0
4323	0	1
4324	0	1
4325	0	1
4326	1	0
4327	0	1
4328	1	0
4329	1	0
4330	1	0
4331	0	1
4332	0	1
4333	0	1
4334	0	1
4335	1	0
4336	1	0
4337	1	0
4338	1	0
4339	1	0
4340	0	1
4341	0	1
4342	1	0
4343	0	1
4344	0	1
4345	1	0
4346	1	0
4347	1	0
4348	1	0
4349	1	0
4350	1	0
4351	1	0
4352	0	1
4353	1	0
4354	0	1
4355	1	0
4356	1	0
4357	1	0
4358	1	0
4359	1	0
4360	1	0
4361	1	0
4362	0	1
4363	1	0
4364	0	1
4365	1	0
4366	0	1
4367	1	0
4368	1	0
4369	0	1
4370	1	0
4371	0	1
4372	0	1
4373	0	1
4374	0	1
4375	0	1
4376	1	0
4377	0	1
4378	0	1
4379	0	1
4380	1	0
4381	0	1
4382	1	0
4383	1	0
4384	1	0
4385	1	0
4386	0	1
4387	1	0
4388	0	1
4389	0	1
4390	1	0
4391	0	1
4392	0	1
4393	0	1
4394	0	1
4395	1	0
4396	1	0
4397	1	0
4398	0	1
4399	1	0
4400	1	0
4401	1	0
4402	1	0
4403	1	0
4404	1	0
4405	1	0
4406	0	1
4407	1	0
4408	1	0
4409	0	1
4410	1	0
4411	0	1
4412	1	0
4413	1	0
4414	1	0
4415	1	0
4416	1	0
4417	1	0
4418	0	1
4419	1	0
4420	1	0
4421	1	0
4422	1	0
4423	1	0
4424	1	0
4425	1	0
4426	1	0
4427	0	1
4428	1	0
4429	1	0
4430	0	1
4431	0	1
4432	1	0
4433	1	0
4434	0	1
4435	1	0
4436	0	1
4437	0	1
4438	1	0
4439	0	1
4440	0	1
4441	1	0
4442	0	1
4443	1	0
4444	1	0
4445	1	0
4446	1	0
4447	0	1
4448	0	1
4449	1	0
4450	1	0
4451	1	0
4452	1	0
4453	0	1
4454	0	1
4455	1	0
4456	1	0
4457	1	0
4458	1	0
4459	0	1
4460	1	0
4461	1	0
4462	1	0
4463	0	1
4464	1	0
4465	1	0
4466	1	0
4467	1	0
4468	1	0
4469	1	0
4470	1	0
4471	1	0
4472	1	0
4473	1	0
4474	1	0
4475	1	0
4476	1	0
4477	1	0
4478	1	0
4479	1	0
4480	0	1
4481	1	0
4482	1	0
4483	0	1
4484	1	0
4485	1	0
4486	1	0
4487	1	0
4488	1	0
4489	1	0
4490	1	0
4491	1	0
4492	1	0
4493	1	0
4494	1	0
4495	1	0
4496	0	1
4497	1	0
4498	1	0
4499	1	0
4500	1	0
4501	0	1
4502	1	0
4503	1	0
4504	1	0
4505	1	0
4506	1	0
4507	1	0
4508	1	0
4509	1	0
4510	1	0
4511	1	0
4512	0	1
4513	1	0
4514	1	0
4515	0	1
4516	0	1
4517	0	1
4518	0	1
4519	1	0
4520	1	0
4521	0	1
4522	1	0
4523	1	0
4524	1	0
4525	1	0
4526	0	1
4527	0	1
4528	1	0
4529	1	0
4530	0	1
4531	0	1
4532	0	1
4533	0	1
4534	1	0
4535	0	1
4536	0	1
4537	1	0
4538	1	0
4539	0	1
4540	0	1
4541	1	0
4542	1	0
4543	0	1
4544	1	0
4545	0	1
4546	1	0
4547	0	1
4548	1	0
4549	0	1
4550	1	0
4551	1	0
4552	1	0
4553	1	0
4554	1	0
4555	1	0
4556	0	1
4557	0	1
4558	0	1
4559	1	0
4560	0	1
4561	1	0
4562	0	1
4563	1	0
4564	1	0
4565	1	0
4566	1	0
4567	0	1
4568	0	1
4569	1	0
4570	1	0
4571	1	0
4572	1	0
4573	1	0
4574	1	0
4575	0	1
4576	1	0
4577	1	0
4578	1	0
4579	1	0
4580	0	1
4581	0	1
4582	1	0
4583	1	0
4584	1	0
4585	1	0
4586	1	0
4587	1	0
4588	0	1
4589	1	0
4590	0	1
4591	1	0
4592	1	0
4593	1	0
4594	1	0
4595	1	0
4596	0	1
4597	0	1
4598	1	0
4599	0	1
4600	1	0
4601	0	1
4602	1	0
4603	1	0
4604	0	1
4605	1	0
4606	0	1
4607	1	0
4608	0	1
4609	1	0
4610	1	0
4611	0	1
4612	1	0
4613	1	0
4614	0	1
4615	0	1
4616	1	0
4617	1	0
4618	1	0
4619	0	1
4620	1	0
4621	1	0
4622	0	1
4623	1	0
4624	1	0
4625	1	0
4626	1	0
4627	1	0
4628	0	1
4629	0	1
4630	1	0
4631	1	0
4632	1	0
4633	1	0
4634	1	0
4635	0	1
4636	1	0
4637	1	0
4638	0	1
4639	0	1
4640	1	0
4641	0	1
4642	1	0
4643	1	0
4644	0	1
4645	0	1
4646	1	0
4647	1	0
4648	0	1
4649	0	1
4650	1	0
4651	1	0
4652	1	0
4653	0	1
4654	1	0
4655	1	0
4656	1	0
4657	1	0
4658	0	1
4659	1	0
4660	1	0
4661	1	0
4662	1	0
4663	0	1
4664	0	1
4665	1	0
4666	1	0
4667	1	0
4668	0	1
4669	1	0
4670	1	0
4671	1	0
4672	1	0
4673	1	0
4674	1	0
4675	1	0
4676	1	0
4677	1	0
4678	0	1
4679	1	0
4680	1	0
4681	0	1
4682	1	0
4683	0	1
4684	1	0
4685	0	1
4686	1	0
4687	0	1
4688	0	1
4689	1	0
4690	1	0
4691	0	1
4692	1	0
4693	0	1
4694	1	0
4695	1	0
4696	1	0
4697	1	0
4698	1	0
4699	0	1
4700	1	0
4701	1	0
4702	1	0
4703	1	0
4704	0	1
4705	1	0
4706	1	0
4707	1	0
4708	0	1
4709	0	1
4710	1	0
4711	0	1
4712	0	1
4713	0	1
4714	0	1
4715	1	0
4716	1	0
4717	1	0
4718	1	0
4719	0	1
4720	1	0
4721	1	0
4722	1	0
4723	1	0
4724	1	0
4725	1	0
4726	1	0
4727	1	0
4728	1	0
4729	0	1
4730	1	0
4731	0	1
4732	1	0
4733	1	0
4734	0	1
4735	1	0
4736	1	0
4737	1	0
4738	1	0
4739	0	1
4740	1	0
4741	0	1
4742	1	0
4743	0	1
4744	1	0
4745	1	0
4746	1	0
4747	0	1
4748	1	0
4749	1	0
4750	1	0
4751	1	0
4752	0	1
4753	1	0
4754	1	0
4755	0	1
4756	1	0
4757	0	1
4758	1	0
4759	1	0
4760	0	1
4761	1	0
4762	0	1
4763	1	0
4764	1	0
4765	1	0
4766	1	0
4767	1	0
4768	1	0
4769	0	1
4770	0	1
4771	1	0
4772	0	1
4773	0	1
4774	0	1
4775	1	0
4776	1	0
4777	0	1
4778	0	1
4779	1	0
4780	1	0
4781	1	0
4782	1	0
4783	1	0
4784	1	0
4785	0	1
4786	1	0
4787	1	0
4788	1	0
4789	0	1
4790	1	0
4791	1	0
4792	1	0
4793	0	1
4794	0	1
4795	1	0
4796	1	0
4797	1	0
4798	0	1
4799	1	0
4800	0	1
4801	0	1
4802	1	0
4803	1	0
4804	1	0
4805	1	0
4806	0	1
4807	1	0
4808	0	1
4809	1	0
4810	1	0
4811	0	1
4812	0	1
4813	1	0
4814	0	1
4815	1	0
4816	0	1
4817	0	1
4818	1	0
4819	1	0
4820	1	0
4821	1	0
4822	1	0
4823	1	0
4824	1	0
4825	1	0
4826	1	0
4827	1	0
4828	0	1
4829	1	0
4830	1	0
4831	1	0
4832	1	0
4833	1	0
4834	0	1
4835	0	1
4836	0	1
4837	1	0
4838	0	1
4839	1	0
4840	1	0
4841	1	0
4842	1	0
4843	1	0
4844	1	0
4845	1	0
4846	1	0
4847	0	1
4848	1	0
4849	1	0
4850	1	0
4851	1	0
4852	0	1
4853	1	0
4854	1	0
4855	0	1
4856	0	1
4857	1	0
4858	1	0
4859	1	0
4860	0	1
4861	0	1
4862	0	1
4863	1	0
4864	0	1
4865	0	1
4866	1	0
4867	1	0
4868	0	1
4869	1	0
4870	1	0
4871	0	1
4872	0	1
4873	1	0
4874	1	0
4875	1	0
4876	1	0
4877	1	0
4878	0	1
4879	0	1
4880	1	0
4881	1	0
4882	0	1
4883	1	0
4884	1	0
4885	1	0
4886	1	0
4887	1	0
4888	0	1
4889	0	1
4890	0	1
4891	1	0
4892	0	1
4893	0	1
4894	1	0
4895	1	0
4896	0	1
4897	0	1
4898	0	1
4899	1	0
4900	0	1
4901	1	0
4902	1	0
4903	1	0
4904	1	0
4905	0	1
4906	1	0
4907	1	0
4908	1	0
4909	1	0
4910	0	1
4911	1	0
4912	0	1
4913	0	1
4914	0	1
4915	1	0
4916	1	0
4917	0	1
4918	1	0
4919	0	1
4920	1	0
4921	1	0
4922	1	0
4923	0	1
4924	0	1
4925	1	0
4926	1	0
4927	0	1
4928	1	0
4929	1	0
4930	1	0
4931	0	1
4932	0	1
4933	1	0
4934	1	0
4935	1	0
4936	0	1
4937	1	0
4938	1	0
4939	0	1
4940	1	0
4941	1	0
4942	1	0
4943	1	0
4944	1	0
4945	0	1
4946	1	0
4947	0	1
4948	1	0
4949	0	1
4950	1	0
4951	1	0
4952	1	0
4953	0	1
4954	0	1
4955	1	0
4956	1	0
4957	1	0
4958	1	0
4959	0	1
4960	1	0
4961	0	1
4962	0	1
4963	1	0
4964	0	1
4965	1	0
4966	1	0
4967	1	0
4968	1	0
4969	0	1
4970	1	0
4971	0	1
4972	1	0
4973	1	0
4974	0	1
4975	1	0
4976	1	0
4977	1	0
4978	1	0
4979	1	0
4980	1	0
4981	1	0
4982	0	1
4983	1	0
4984	0	1
4985	0	1
4986	0	1
4987	1	0
4988	0	1
4989	1	0
4990	0	1
4991	1	0
4992	1	0
4993	1	0
4994	1	0
4995	0	1
4996	1	0
4997	1	0
4998	1	0
4999	0	1
5000	1	0
5001	1	0
5002	1	0
5003	1	0
5004	0	1
5005	1	0
5006	0	1
5007	0	1
5008	0	1
5009	1	0
5010	1	0
5011	1	0
5012	1	0
5013	1	0
5014	0	1
5015	0	1
5016	1	0
5017	1	0
5018	0	1
5019	1	0
5020	0	1
5021	1	0
5022	1	0
5023	1	0
5024	1	0
5025	1	0
5026	1	0
5027	1	0
5028	1	0
5029	1	0
5030	1	0
5031	1	0
5032	1	0
5033	1	0
5034	1	0
5035	0	1
5036	0	1
5037	1	0
5038	0	1
5039	0	1
5040	0	1
5041	1	0
5042	1	0
5043	1	0
5044	1	0
5045	0	1
5046	1	0
5047	1	0
5048	0	1
5049	1	0
5050	1	0
5051	0	1
5052	1	0
5053	1	0
5054	0	1
5055	0	1
5056	0	1
5057	1	0
5058	1	0
5059	0	1
5060	1	0
5061	1	0
5062	1	0
5063	1	0
5064	0	1
5065	1	0
5066	1	0
5067	1	0
5068	1	0
5069	1	0
5070	1	0
5071	1	0
5072	1	0
5073	1	0
5074	1	0
5075	1	0
5076	0	1
5077	1	0
5078	1	0
5079	0	1
5080	1	0
5081	1	0
5082	0	1
5083	0	1
5084	1	0
5085	0	1
5086	0	1
5087	1	0
5088	1	0
5089	1	0
5090	1	0
5091	0	1
5092	1	0
5093	1	0
5094	1	0
5095	1	0
5096	1	0
5097	1	0
5098	1	0
5099	1	0
5100	1	0
5101	1	0
5102	1	0
5103	1	0
5104	1	0
5105	0	1
5106	1	0
5107	1	0
5108	1	0
5109	0	1
5110	1	0
5111	1	0
5112	0	1
5113	0	1
5114	1	0
5115	1	0
5116	1	0
5117	0	1
5118	1	0
5119	0	1
5120	0	1
5121	0	1
5122	0	1
5123	1	0
5124	1	0
5125	1	0
5126	1	0
5127	1	0
5128	1	0
5129	1	0
5130	1	0
5131	1	0
5132	1	0
5133	1	0
5134	1	0
5135	1	0
5136	0	1
5137	1	0
5138	0	1
5139	1	0
5140	0	1
5141	1	0
5142	1	0
5143	1	0
5144	1	0
5145	1	0
5146	1	0
5147	1	0
5148	1	0
5149	1	0
5150	1	0
5151	1	0
5152	1	0
5153	1	0
5154	1	0
5155	0	1
5156	1	0
5157	0	1
5158	1	0
5159	1	0
5160	1	0
5161	0	1
5162	1	0
5163	1	0
5164	1	0
5165	1	0
5166	1	0
5167	0	1
5168	1	0
5169	0	1
5170	1	0
5171	1	0
5172	1	0
5173	0	1
5174	1	0
5175	1	0
5176	0	1
5177	1	0
5178	1	0
5179	0	1
5180	1	0
5181	1	0
5182	0	1
5183	1	0
5184	1	0
5185	0	1
5186	0	1
5187	1	0
5188	1	0
5189	0	1
5190	1	0
5191	1	0
5192	1	0
5193	1	0
5194	0	1
5195	1	0
5196	0	1
5197	1	0
5198	0	1
5199	1	0
5200	0	1
5201	0	1
5202	1	0
5203	0	1
5204	0	1
5205	1	0
5206	1	0
5207	1	0
5208	0	1
5209	1	0
5210	1	0
5211	1	0
5212	1	0
5213	1	0
5214	1	0
5215	1	0
5216	1	0
5217	1	0
5218	0	1
5219	1	0
5220	0	1
5221	0	1
5222	1	0
5223	1	0
5224	1	0
5225	0	1
5226	0	1
5227	0	1
5228	1	0
5229	0	1
5230	0	1
5231	1	0
5232	0	1
5233	0	1
5234	0	1
5235	0	1
5236	1	0
5237	1	0
5238	0	1
5239	1	0
5240	1	0
5241	1	0
5242	1	0
5243	0	1
5244	1	0
5245	1	0
5246	0	1
5247	0	1
5248	1	0
5249	1	0
5250	1	0
5251	1	0
5252	0	1
5253	1	0
5254	0	1
5255	0	1
5256	1	0
5257	1	0
5258	0	1
5259	0	1
5260	1	0
5261	1	0
5262	1	0
5263	1	0
5264	0	1
5265	0	1
5266	1	0
5267	0	1
5268	1	0
5269	1	0
5270	1	0
5271	1	0
5272	1	0
5273	0	1
5274	1	0
5275	0	1
5276	1	0
5277	0	1
5278	1	0
5279	1	0
5280	0	1
5281	1	0
5282	1	0
5283	1	0
5284	0	1
5285	1	0
5286	0	1
5287	0	1
5288	1	0
5289	0	1
5290	1	0
5291	1	0
5292	0	1
5293	0	1
5294	0	1
5295	0	1
5296	0	1
5297	1	0
5298	0	1
5299	1	0
5300	1	0
5301	1	0
5302	1	0
5303	0	1
5304	0	1
5305	1	0
5306	1	0
5307	1	0
5308	1	0
5309	1	0
5310	1	0
5311	0	1
5312	0	1
5313	1	0
5314	1	0
5315	1	0
5316	1	0
5317	0	1
5318	0	1
5319	1	0
5320	1	0
5321	1	0
5322	1	0
5323	1	0
5324	0	1
5325	1	0
5326	0	1
5327	1	0
5328	1	0
5329	0	1
5330	0	1
5331	0	1
5332	1	0
5333	1	0
5334	1	0
5335	1	0
5336	0	1
5337	1	0
5338	1	0
5339	0	1
5340	0	1
5341	1	0
5342	1	0
5343	1	0
5344	1	0
5345	1	0
5346	1	0
5347	0	1
5348	1	0
5349	0	1
5350	1	0
5351	1	0
5352	1	0
5353	0	1
5354	0	1
5355	0	1
5356	0	1
5357	1	0
5358	1	0
5359	0	1
5360	0	1
5361	1	0
5362	1	0
5363	1	0
5364	1	0
5365	1	0
5366	0	1
5367	1	0
5368	1	0
5369	1	0
5370	0	1
5371	1	0
5372	0	1
5373	1	0
5374	1	0
5375	1	0
5376	1	0
5377	1	0
5378	1	0
5379	0	1
5380	1	0
5381	0	1
5382	0	1
5383	0	1
5384	0	1
5385	0	1
5386	1	0
5387	1	0
5388	1	0
5389	1	0
5390	1	0
5391	0	1
5392	0	1
5393	1	0
5394	1	0
5395	1	0
5396	0	1
5397	0	1
5398	1	0
5399	1	0
5400	0	1
5401	0	1
5402	1	0
5403	1	0
5404	0	1
5405	1	0
5406	1	0
5407	1	0
5408	1	0
5409	1	0
5410	0	1
5411	1	0
5412	0	1
5413	0	1
5414	0	1
5415	0	1
5416	1	0
5417	0	1
5418	0	1
5419	1	0
5420	0	1
5421	1	0
5422	1	0
5423	1	0
5424	1	0
5425	1	0
5426	1	0
5427	0	1
5428	1	0
5429	1	0
5430	1	0
5431	0	1
5432	0	1
5433	1	0
5434	1	0
5435	1	0
5436	0	1
5437	1	0
5438	1	0
5439	1	0
5440	1	0
5441	1	0
5442	1	0
5443	1	0
5444	0	1
5445	1	0
5446	1	0
5447	1	0
5448	1	0
5449	1	0
5450	1	0
5451	1	0
5452	1	0
5453	0	1
5454	1	0
5455	1	0
5456	1	0
5457	1	0
5458	1	0
5459	1	0
5460	0	1
5461	1	0
5462	0	1
5463	0	1
5464	1	0
5465	0	1
5466	1	0
5467	0	1
5468	0	1
5469	1	0
5470	1	0
5471	1	0
5472	0	1
5473	0	1
5474	1	0
5475	1	0
5476	0	1
5477	1	0
5478	0	1
5479	1	0
5480	1	0
5481	0	1
5482	1	0
5483	1	0
5484	0	1
5485	1	0
5486	1	0
5487	1	0
5488	1	0
5489	1	0
5490	1	0
5491	1	0
5492	1	0
5493	0	1
5494	0	1
5495	0	1
5496	1	0
5497	1	0
5498	1	0
5499	1	0
5500	0	1
5501	0	1
5502	1	0
5503	0	1
5504	1	0
5505	1	0
5506	1	0
5507	0	1
5508	1	0
5509	0	1
5510	1	0
5511	1	0
5512	1	0
5513	1	0
5514	1	0
5515	1	0
5516	1	0
5517	1	0
5518	1	0
5519	1	0
5520	1	0
5521	1	0
5522	1	0
5523	1	0
5524	1	0
5525	1	0
5526	1	0
5527	0	1
5528	1	0
5529	1	0
5530	1	0
5531	0	1
5532	1	0
5533	1	0
5534	0	1
5535	1	0
5536	1	0
5537	0	1
5538	0	1
5539	1	0
5540	1	0
5541	1	0
5542	1	0
5543	1	0
5544	1	0
5545	0	1
5546	1	0
5547	0	1
5548	0	1
5549	1	0
5550	1	0
5551	1	0
5552	1	0
5553	0	1
5554	0	1
5555	1	0
5556	1	0
5557	1	0
5558	0	1
5559	1	0
5560	0	1
5561	1	0
5562	1	0
5563	1	0
5564	0	1
5565	1	0
5566	1	0
5567	1	0
5568	1	0
5569	1	0
5570	1	0
5571	0	1
5572	0	1
5573	1	0
5574	1	0
5575	0	1
5576	1	0
5577	1	0
5578	1	0
5579	1	0
5580	0	1
5581	1	0
5582	1	0
5583	1	0
5584	0	1
5585	0	1
5586	1	0
5587	0	1
5588	1	0
5589	1	0
5590	1	0
5591	1	0
5592	0	1
5593	1	0
5594	1	0
5595	0	1
5596	1	0
5597	1	0
5598	1	0
5599	1	0
5600	1	0
5601	1	0
5602	0	1
5603	1	0
5604	0	1
5605	1	0
5606	0	1
5607	1	0
5608	0	1
5609	0	1
5610	1	0
5611	1	0
5612	0	1
5613	1	0
5614	0	1
5615	1	0
5616	1	0
5617	0	1
5618	0	1
5619	1	0
5620	1	0
5621	1	0
5622	1	0
5623	1	0
5624	1	0
5625	1	0
5626	0	1
5627	0	1
5628	0	1
5629	0	1
5630	1	0
5631	1	0
5632	1	0
5633	0	1
5634	1	0
5635	1	0
5636	1	0
5637	1	0
5638	1	0
5639	1	0
5640	1	0
5641	0	1
5642	1	0
5643	0	1
5644	1	0
5645	1	0
5646	0	1
5647	1	0
5648	1	0
5649	1	0
5650	1	0
5651	0	1
5652	1	0
5653	0	1
5654	1	0
5655	0	1
5656	1	0
5657	1	0
5658	1	0
5659	0	1
5660	0	1
5661	1	0
5662	0	1
5663	1	0
5664	1	0
5665	0	1
5666	1	0
5667	1	0
5668	0	1
5669	0	1
5670	0	1
5671	0	1
5672	1	0
5673	1	0
5674	1	0
5675	1	0
5676	1	0
5677	1	0
5678	1	0
5679	1	0
5680	1	0
5681	1	0
5682	1	0
5683	0	1
5684	0	1
5685	1	0
5686	1	0
5687	0	1
5688	0	1
5689	1	0
5690	0	1
5691	1	0
5692	1	0
5693	1	0
5694	0	1
5695	0	1
5696	1	0
5697	0	1
5698	1	0
5699	0	1
5700	0	1
5701	1	0
5702	1	0
5703	1	0
5704	1	0
5705	1	0
5706	1	0
5707	1	0
5708	0	1
5709	0	1
5710	1	0
5711	1	0
5712	1	0
5713	0	1
5714	1	0
5715	0	1
5716	0	1
5717	1	0
5718	1	0
5719	1	0
5720	0	1
5721	0	1
5722	0	1
5723	1	0
5724	1	0
5725	1	0
5726	1	0
5727	1	0
5728	1	0
5729	1	0
5730	1	0
5731	1	0
5732	1	0
5733	0	1
5734	1	0
5735	1	0
5736	0	1
5737	0	1
5738	1	0
5739	0	1
5740	1	0
5741	1	0
5742	1	0
5743	0	1
5744	1	0
5745	1	0
5746	1	0
5747	1	0
5748	0	1
5749	1	0
5750	0	1
5751	1	0
5752	1	0
5753	1	0
5754	0	1
5755	0	1
5756	1	0
5757	0	1
5758	0	1
5759	1	0
5760	1	0
5761	1	0
5762	1	0
5763	0	1
5764	1	0
5765	1	0
5766	0	1
5767	0	1
5768	1	0
5769	1	0
5770	1	0
5771	1	0
5772	0	1
5773	0	1
5774	1	0
5775	1	0
5776	0	1
5777	1	0
5778	0	1
5779	0	1
5780	1	0
5781	1	0
5782	1	0
5783	1	0
5784	0	1
5785	1	0
5786	0	1
5787	0	1
5788	1	0
5789	1	0
5790	1	0
5791	1	0
5792	0	1
5793	1	0
5794	1	0
5795	1	0
5796	0	1
5797	1	0
5798	1	0
5799	1	0
5800	0	1
5801	0	1
5802	1	0
5803	1	0
5804	1	0
5805	0	1
5806	1	0
5807	1	0
5808	1	0
5809	1	0
5810	1	0
5811	1	0
5812	0	1
5813	0	1
5814	1	0
5815	1	0
5816	0	1
5817	1	0
5818	1	0
5819	1	0
5820	1	0
5821	1	0
5822	0	1
5823	1	0
5824	0	1
5825	1	0
5826	0	1
5827	1	0
5828	1	0
5829	0	1
5830	1	0
5831	1	0
5832	1	0
5833	1	0
5834	1	0
5835	0	1
5836	1	0
5837	1	0
5838	0	1
5839	0	1
5840	0	1
5841	0	1
5842	1	0
5843	1	0
5844	0	1
5845	1	0
5846	0	1
5847	1	0
5848	1	0
5849	0	1
5850	1	0
5851	1	0
5852	0	1
5853	1	0
5854	1	0
5855	1	0
5856	0	1
5857	0	1
5858	1	0
5859	1	0
5860	0	1
5861	0	1
5862	1	0
5863	1	0
5864	0	1
5865	1	0
5866	1	0
5867	1	0
5868	1	0
5869	1	0
5870	1	0
5871	0	1
5872	0	1
5873	1	0
5874	1	0
5875	0	1
5876	0	1
5877	1	0
5878	0	1
5879	1	0
5880	0	1
5881	1	0
5882	0	1
5883	1	0
5884	1	0
5885	1	0
5886	1	0
5887	1	0
5888	0	1
5889	1	0
5890	1	0
5891	1	0
5892	0	1
5893	1	0
5894	0	1
5895	1	0
5896	1	0
5897	0	1
5898	0	1
5899	1	0
5900	0	1
5901	1	0
5902	0	1
5903	1	0
5904	0	1
5905	1	0
5906	1	0
5907	0	1
5908	1	0
5909	1	0
5910	1	0
5911	0	1
5912	1	0
5913	1	0
5914	1	0
5915	1	0
5916	0	1
5917	0	1
5918	0	1
5919	0	1
5920	1	0
5921	0	1
5922	1	0
5923	1	0
5924	0	1
5925	1	0
5926	1	0
5927	1	0
5928	1	0
5929	1	0
5930	1	0
5931	1	0
5932	1	0
5933	0	1
5934	1	0
5935	0	1
5936	1	0
5937	1	0
5938	0	1
5939	1	0
5940	0	1
5941	1	0
5942	1	0
5943	0	1
5944	0	1
5945	0	1
5946	1	0
5947	1	0
5948	1	0
5949	1	0
5950	1	0
5951	1	0
5952	1	0
5953	1	0
5954	1	0
5955	1	0
5956	0	1
5957	1	0
5958	1	0
5959	0	1
5960	1	0
5961	1	0
5962	1	0
5963	1	0
5964	1	0
5965	1	0
5966	1	0
5967	0	1
5968	0	1
5969	1	0
5970	0	1
5971	1	0
5972	0	1
5973	0	1
5974	0	1
5975	1	0
5976	0	1
5977	0	1
5978	1	0
5979	1	0
5980	0	1
5981	1	0
5982	1	0
5983	1	0
5984	1	0
5985	1	0
5986	1	0
5987	1	0
5988	1	0
5989	1	0
5990	1	0
5991	0	1
5992	1	0
5993	1	0
5994	1	0
5995	0	1
5996	1	0
5997	1	0
5998	1	0
5999	1	0
6000	1	0
6001	1	0
6002	1	0
6003	1	0
6004	1	0
6005	1	0
6006	1	0
6007	1	0
6008	0	1
6009	1	0
6010	1	0
6011	1	0
6012	1	0
6013	0	1
6014	1	0
6015	1	0
6016	0	1
6017	0	1
6018	1	0
6019	1	0
6020	1	0
6021	0	1
6022	1	0
6023	0	1
6024	1	0
6025	1	0
6026	1	0
6027	0	1
6028	1	0
6029	0	1
6030	0	1
6031	0	1
6032	1	0
6033	0	1
6034	1	0
6035	1	0
6036	0	1
6037	1	0
6038	1	0
6039	1	0
6040	1	0
6041	1	0
6042	1	0
6043	1	0
6044	1	0
6045	1	0
6046	1	0
6047	1	0
6048	1	0
6049	0	1
6050	0	1
6051	1	0
6052	1	0
6053	0	1
6054	0	1
6055	1	0
6056	1	0
6057	1	0
6058	1	0
6059	1	0
6060	1	0
6061	1	0
6062	0	1
6063	1	0
6064	1	0
6065	1	0
6066	1	0
6067	0	1
6068	0	1
6069	1	0
6070	1	0
6071	0	1
6072	1	0
6073	1	0
6074	1	0
6075	0	1
6076	1	0
6077	1	0
6078	1	0
6079	1	0
6080	1	0
6081	1	0
6082	0	1
6083	1	0
6084	1	0
6085	1	0
6086	1	0
6087	1	0
6088	1	0
6089	1	0
6090	0	1
6091	1	0
6092	1	0
6093	1	0
6094	0	1
6095	0	1
6096	1	0
6097	1	0
6098	0	1
6099	1	0
6100	0	1
6101	0	1
6102	1	0
6103	1	0
6104	1	0
6105	1	0
6106	1	0
6107	1	0
6108	1	0
6109	0	1
6110	0	1
6111	1	0
6112	0	1
6113	1	0
6114	1	0
6115	0	1
6116	0	1
6117	1	0
6118	1	0
6119	1	0
6120	0	1
6121	1	0
6122	1	0
6123	1	0
6124	1	0
6125	1	0
6126	0	1
6127	1	0
6128	0	1
6129	1	0
6130	1	0
6131	1	0
6132	1	0
6133	1	0
6134	0	1
6135	0	1
6136	1	0
6137	1	0
6138	0	1
6139	0	1
6140	1	0
6141	1	0
6142	1	0
6143	0	1
6144	0	1
6145	0	1
6146	1	0
6147	1	0
6148	0	1
6149	1	0
6150	1	0
6151	1	0
6152	1	0
6153	1	0
6154	1	0
6155	1	0
6156	1	0
6157	1	0
6158	0	1
6159	1	0
6160	0	1
6161	1	0
6162	0	1
6163	0	1
6164	0	1
6165	1	0
6166	1	0
6167	0	1
6168	0	1
6169	0	1
6170	1	0
6171	1	0
6172	0	1
6173	1	0
6174	1	0
6175	1	0
6176	0	1
6177	1	0
6178	0	1
6179	0	1
6180	0	1
6181	1	0
6182	1	0
6183	1	0
6184	1	0
6185	0	1
6186	1	0
6187	1	0
6188	1	0
6189	0	1
6190	0	1
6191	0	1
6192	1	0
6193	0	1
6194	0	1
6195	1	0
6196	1	0
6197	1	0
6198	0	1
6199	1	0
6200	0	1
6201	0	1
6202	0	1
6203	0	1
6204	1	0
6205	1	0
6206	1	0
6207	1	0
6208	1	0
6209	1	0
6210	1	0
6211	0	1
6212	1	0
6213	0	1
6214	1	0
6215	0	1
6216	1	0
6217	0	1
6218	1	0
6219	1	0
6220	0	1
6221	0	1
6222	1	0
6223	1	0
6224	1	0
6225	0	1
6226	1	0
6227	0	1
6228	1	0
6229	1	0
6230	1	0
6231	1	0
6232	1	0
6233	1	0
6234	1	0
6235	1	0
6236	1	0
6237	1	0
6238	0	1
6239	1	0
6240	0	1
6241	1	0
6242	0	1
6243	0	1
6244	0	1
6245	1	0
6246	1	0
6247	0	1
6248	0	1
6249	1	0
6250	0	1
6251	1	0
6252	0	1
6253	1	0
6254	1	0
6255	1	0
6256	1	0
6257	0	1
6258	1	0
6259	0	1
6260	0	1
6261	1	0
6262	0	1
6263	0	1
6264	1	0
6265	1	0
6266	0	1
6267	0	1
6268	0	1
6269	0	1
6270	1	0
6271	1	0
6272	1	0
6273	0	1
6274	1	0
6275	1	0
6276	0	1
6277	0	1
6278	0	1
6279	1	0
6280	1	0
6281	1	0
6282	0	1
6283	1	0
6284	1	0
6285	1	0
6286	1	0
6287	1	0
6288	1	0
6289	1	0
6290	1	0
6291	1	0
6292	0	1
6293	0	1
6294	0	1
6295	1	0
6296	1	0
6297	0	1
6298	1	0
6299	1	0
6300	1	0
6301	1	0
6302	1	0
6303	1	0
6304	0	1
6305	0	1
6306	1	0
6307	1	0
6308	1	0
6309	0	1
6310	1	0
6311	1	0
6312	1	0
6313	0	1
6314	1	0
6315	0	1
6316	0	1
6317	1	0
6318	1	0
6319	0	1
6320	0	1
6321	1	0
6322	1	0
6323	1	0
6324	1	0
6325	1	0
6326	1	0
6327	0	1
6328	0	1
6329	0	1
6330	0	1
6331	0	1
6332	1	0
6333	0	1
6334	1	0
6335	0	1
6336	1	0
6337	1	0
6338	0	1
6339	1	0
6340	1	0
6341	0	1
6342	1	0
6343	1	0
6344	0	1
6345	0	1
6346	1	0
6347	1	0
6348	0	1
6349	1	0
6350	1	0
6351	0	1
6352	1	0
6353	1	0
6354	1	0
6355	1	0
6356	0	1
6357	1	0
6358	0	1
6359	1	0
6360	0	1
6361	0	1
6362	0	1
6363	1	0
6364	0	1
6365	0	1
6366	1	0
6367	0	1
6368	1	0
6369	1	0
6370	1	0
6371	1	0
6372	1	0
6373	1	0
6374	0	1
6375	1	0
6376	1	0
6377	1	0
6378	1	0
6379	1	0
6380	1	0
6381	1	0
6382	1	0
6383	1	0
6384	1	0
6385	1	0
6386	0	1
6387	1	0
6388	1	0
6389	1	0
6390	0	1
6391	1	0
6392	0	1
6393	0	1
6394	1	0
6395	0	1
6396	1	0
6397	1	0
6398	1	0
6399	0	1
6400	1	0
6401	1	0
6402	1	0
6403	1	0
6404	0	1
6405	0	1
6406	0	1
6407	1	0
6408	1	0
6409	1	0
6410	1	0
6411	1	0
6412	1	0
6413	1	0
6414	1	0
6415	1	0
6416	1	0
6417	1	0
6418	1	0
6419	1	0
6420	1	0
6421	1	0
6422	1	0
6423	0	1
6424	0	1
6425	1	0
6426	1	0
6427	0	1
6428	1	0
6429	0	1
6430	0	1
6431	1	0
6432	0	1
6433	1	0
6434	0	1
6435	0	1
6436	0	1
6437	0	1
6438	0	1
6439	0	1
6440	1	0
6441	1	0
6442	1	0
6443	1	0
6444	1	0
6445	1	0
6446	1	0
6447	1	0
6448	1	0
6449	1	0
6450	1	0
6451	0	1
6452	1	0
6453	1	0
6454	1	0
6455	0	1
6456	0	1
6457	0	1
6458	1	0
6459	1	0
6460	1	0
6461	1	0
6462	1	0
6463	1	0
6464	1	0
6465	1	0
6466	1	0
6467	1	0
6468	1	0
6469	1	0
6470	0	1
6471	0	1
6472	1	0
6473	1	0
6474	1	0
6475	1	0
6476	0	1
6477	0	1
6478	0	1
6479	1	0
6480	0	1
6481	1	0
6482	1	0
6483	1	0
6484	1	0
6485	1	0
6486	1	0
6487	0	1
6488	1	0
6489	0	1
6490	1	0
6491	1	0
6492	1	0
6493	1	0
6494	0	1
6495	1	0
6496	0	1
6497	1	0
6498	1	0
6499	1	0
6500	1	0
6501	0	1
6502	0	1
6503	0	1
6504	1	0
6505	1	0
6506	1	0
6507	1	0
6508	1	0
6509	1	0
6510	1	0
6511	0	1
6512	1	0
6513	0	1
6514	1	0
6515	0	1
6516	0	1
6517	0	1
6518	1	0
6519	1	0
6520	0	1
6521	1	0
6522	0	1
6523	1	0
6524	1	0
6525	0	1
6526	0	1
6527	1	0
6528	1	0
6529	1	0
6530	0	1
6531	0	1
6532	1	0
6533	0	1
6534	0	1
6535	1	0
6536	0	1
6537	1	0
6538	1	0
6539	0	1
6540	0	1
6541	1	0
6542	1	0
6543	0	1
6544	0	1
6545	1	0
6546	1	0
6547	0	1
6548	1	0
6549	1	0
6550	1	0
6551	1	0
6552	0	1
6553	1	0
6554	1	0
6555	1	0
6556	0	1
6557	1	0
6558	1	0
6559	1	0
6560	1	0
6561	1	0
6562	1	0
6563	0	1
6564	1	0
6565	1	0
6566	1	0
6567	1	0
6568	1	0
6569	0	1
6570	1	0
6571	0	1
6572	0	1
6573	0	1
6574	1	0
6575	0	1
6576	1	0
6577	0	1
6578	1	0
6579	0	1
6580	0	1
6581	1	0
6582	0	1
6583	0	1
6584	1	0
6585	0	1
6586	1	0
6587	0	1
6588	1	0
6589	1	0
6590	1	0
6591	0	1
6592	0	1
6593	1	0
6594	0	1
6595	0	1
6596	1	0
6597	1	0
6598	1	0
6599	1	0
6600	1	0
6601	0	1
6602	1	0
6603	1	0
6604	1	0
6605	1	0
6606	0	1
6607	0	1
6608	1	0
6609	1	0
6610	1	0
6611	1	0
6612	0	1
6613	0	1
6614	1	0
6615	1	0
6616	0	1
6617	0	1
6618	1	0
6619	0	1
6620	1	0
6621	1	0
6622	0	1
6623	1	0
6624	1	0
6625	0	1
6626	0	1
6627	1	0
6628	0	1
6629	1	0
6630	1	0
6631	1	0
6632	0	1
6633	1	0
6634	0	1
6635	1	0
6636	1	0
6637	1	0
6638	0	1
6639	0	1
6640	1	0
6641	0	1
6642	1	0
6643	1	0
6644	1	0
6645	0	1
6646	1	0
6647	0	1
6648	1	0
6649	1	0
6650	0	1
6651	1	0
6652	1	0
6653	0	1
6654	0	1
6655	1	0
6656	0	1
6657	1	0
6658	0	1
6659	0	1
6660	1	0
6661	1	0
6662	0	1
6663	0	1
6664	1	0
6665	1	0
6666	1	0
6667	0	1
6668	1	0
6669	1	0
6670	0	1
6671	1	0
6672	1	0
6673	0	1
6674	0	1
6675	1	0
6676	1	0
6677	1	0
6678	1	0
6679	1	0
6680	1	0
6681	1	0
6682	1	0
6683	0	1
6684	1	0
6685	0	1
6686	1	0
6687	1	0
6688	1	0
6689	1	0
6690	1	0
6691	0	1
6692	0	1
6693	1	0
6694	1	0
6695	1	0
6696	1	0
6697	1	0
6698	1	0
6699	0	1
6700	0	1
6701	1	0
6702	1	0
6703	1	0
6704	1	0
6705	0	1
6706	1	0
6707	1	0
6708	1	0
6709	1	0
6710	1	0
6711	1	0
6712	0	1
6713	1	0
6714	0	1
6715	0	1
6716	0	1
6717	0	1
6718	0	1
6719	1	0
6720	0	1
6721	1	0
6722	1	0
6723	0	1
6724	0	1
6725	1	0
6726	1	0
6727	1	0
6728	1	0
6729	0	1
6730	0	1
6731	0	1
6732	1	0
6733	1	0
6734	1	0
6735	1	0
6736	1	0
6737	1	0
6738	1	0
6739	1	0
6740	1	0
6741	1	0
6742	1	0
6743	0	1
6744	1	0
6745	1	0
6746	0	1
6747	0	1
6748	0	1
6749	1	0
6750	1	0
6751	1	0
6752	1	0
6753	1	0
6754	0	1
6755	1	0
6756	1	0
6757	1	0
6758	1	0
6759	0	1
6760	1	0
6761	0	1
6762	1	0
6763	0	1
6764	0	1
6765	0	1
6766	0	1
6767	0	1
6768	1	0
6769	0	1
6770	1	0
6771	1	0
6772	0	1
6773	1	0
6774	1	0
6775	1	0
6776	0	1
6777	1	0
6778	1	0
6779	0	1
6780	1	0
6781	1	0
6782	1	0
6783	0	1
